                                     0.0
                                     0.0
                                     0.0
                                     0.0
                                     0.0
                                     0.0
                                     0.0
                                     0.0
                                     0.0
                                    25.0
                                   137.0
                                  1047.0
                                  4688.0
                                  9322.0
                                  9981.0
                                  7744.0
                                  6159.0
                                  5991.0
                                  5674.0
                                  5253.0
                                  6724.0
                                 17399.0
                                 30786.0
                                 29578.0
                                 24346.0
                                 20609.0
                                 13453.0
                                 11694.0
                                 10258.0
                                 15509.0
                                 20089.0
                                 48359.0
                                 70551.0
                                 54382.0
                                 41414.0
                                 27373.0
                                 20829.0
                                 16203.0
                                 16322.0
                                 16730.0
                                 32573.0
                                122356.0
                                104496.0
                                 68345.0
                                 48161.0
                                 38131.0
                                 30943.0
                                 19752.0
                                 15150.0
                                 12480.0
                                 14368.0
                                 11531.0
                                  7678.0
                                  5532.0
                                  4129.0
                                  3082.0
                                  3354.0
                                  1883.0
                                  3975.0
                                  3602.0
                                  3407.0
                                  3405.0
                                 18298.0
                                  1781.0
                                  2298.0
                                  4880.0
                                  1943.0
                                  1833.0
                                  1922.0
                                  1783.0
                                  3133.0
                                  4346.0
                                  1871.0
                                  2486.0
                                  2552.0
                                  1686.0
                                  1694.0
                                  1413.0
                                  2182.0
                                  1473.0
                                  2051.0
                                  1116.0
                                  1082.0
                                  1667.0
                                  1733.0
                                  3037.0
                                  1022.0
                                  1136.0
                                  1130.0
                                   894.0
                                   975.0
                                   847.0
                                   868.0
                                   965.0
                                   857.0
                                   864.0
                                  1433.0
                                   811.0
                                   914.0
                                  1503.0
