         0  0.6000000000000000
         1  0.4629830353016873
         2  0.3343469762146032
         3  0.2281681414163114
         4  0.1493766435940343
         5  0.0952507455340741
         6  0.0598823851522315
         7  0.0374354289726012
         8  0.0233995577443215
         9  0.0146730418689471
        10  0.0092479776075324
        11  0.0058643825246670
        12  0.0037431740903375
        13  0.0024051765957322
        14  0.0015556195749657
        15  0.0010125584947952
        16  0.0006631042502201
        17  0.0004367789171297
        18  0.0002892880886439
        19  0.0001926028093093
        20  0.0001288660849913
        21  0.0000866258987191
        22  0.0000584909075502
        23  0.0000396614150764
        24  0.0000270025114445
        25  0.0000184553251327
        26  0.0000126606000295
        27  0.0000087165100288
        28  0.0000060219056635
        29  0.0000041742774479
        30  0.0000029029723582
        31  0.0000020252632201
        32  0.0000014173062606
        33  0.0000009948549795
        34  0.0000007003946491
        35  0.0000004945254133
        36  0.0000003501669942
        37  0.0000002486465979
        38  0.0000001770484919
        39  0.0000001264117489
        40  0.0000000905008283
        41  0.0000000649640252
        42  0.0000000467557425
        43  0.0000000337385046
        44  0.0000000244080674
        45  0.0000000177029702
        46  0.0000000128722081
        47  0.0000000093830400
        48  0.0000000068565801
        49  0.0000000050226762
        50  0.0000000036882218
        51  0.0000000027148366
        52  0.0000000020031171
        53  0.0000000014814809
        54  0.0000000010982578
        55  0.0000000008160609
        56  0.0000000006077748
        57  0.0000000004536871
        58  0.0000000003394343
        59  0.0000000002545264
        60  0.0000000001912845
        61  0.0000000001440751
        62  0.0000000001087558
        63  0.0000000000822742
        64  0.0000000000623755
        65  0.0000000000473911
        66  0.0000000000360831
        67  0.0000000000275315
        68  0.0000000000210506
        69  0.0000000000161289
        70  0.0000000000123834
        71  0.0000000000095272
        72  0.0000000000073447
        73  0.0000000000056736
        74  0.0000000000043915
        75  0.0000000000034059
        76  0.0000000000026466
        77  0.0000000000020607
        78  0.0000000000016076
        79  0.0000000000012565
        80  0.0000000000009840
        81  0.0000000000007721
        82  0.0000000000006069
        83  0.0000000000004780
        84  0.0000000000003771
        85  0.0000000000002981
        86  0.0000000000002361
        87  0.0000000000001873
        88  0.0000000000001488
        89  0.0000000000001185
        90  0.0000000000000945
        91  0.0000000000000755
        92  0.0000000000000604
        93  0.0000000000000485
        94  0.0000000000000389
        95  0.0000000000000313
        96  0.0000000000000252
        97  0.0000000000000204
        98  0.0000000000000165
        99  0.0000000000000133
       100  0.0000000000000108
       101  0.0000000000000088
       102  0.0000000000000072
       103  0.0000000000000058
       104  0.0000000000000048
       105  0.0000000000000039
       106  0.0000000000000032
       107  0.0000000000000026
       108  0.0000000000000021
       109  0.0000000000000018
       110  0.0000000000000015
       111  0.0000000000000012
       112  0.0000000000000010
       113  0.0000000000000008
       114  0.0000000000000007
       115  0.0000000000000006
       116  0.0000000000000005
       117  0.0000000000000004
       118  0.0000000000000003
       119  0.0000000000000003
       120  0.0000000000000002
       121  0.0000000000000002
       122  0.0000000000000002
       123  0.0000000000000001
       124  0.0000000000000001
       125  0.0000000000000001
       126  0.0000000000000001
       127  0.0000000000000001
       128  0.0000000000000001
       129  0.0000000000000000
       130  0.0000000000000000
       131  0.0000000000000000
       132  0.0000000000000000
       133  0.0000000000000000
       134  0.0000000000000000
       135  0.0000000000000000
       136  0.0000000000000000
       137  0.0000000000000000
       138  0.0000000000000000
       139  0.0000000000000000
       140  0.0000000000000000
       141  0.0000000000000000
       142  0.0000000000000000
       143  0.0000000000000000
       144  0.0000000000000000
       145  0.0000000000000000
       146  0.0000000000000000
       147  0.0000000000000000
       148  0.0000000000000000
       149  0.0000000000000000
       150  0.0000000000000000
       151  0.0000000000000000
       152  0.0000000000000000
       153  0.0000000000000000
       154  0.0000000000000000
       155  0.0000000000000000
       156  0.0000000000000000
       157  0.0000000000000000
       158  0.0000000000000000
       159  0.0000000000000000
       160  0.0000000000000000
       161  0.0000000000000000
       162  0.0000000000000000
       163  0.0000000000000000
       164  0.0000000000000000
       165  0.0000000000000000
       166  0.0000000000000000
       167  0.0000000000000000
       168  0.0000000000000000
       169  0.0000000000000000
       170  0.0000000000000000
       171  0.0000000000000000
       172  0.0000000000000000
       173  0.0000000000000000
       174  0.0000000000000000
       175  0.0000000000000000
       176  0.0000000000000000
       177  0.0000000000000000
       178  0.0000000000000000
       179  0.0000000000000000
       180  0.0000000000000000
       181  0.0000000000000000
       182  0.0000000000000000
       183  0.0000000000000000
       184  0.0000000000000000
       185  0.0000000000000000
       186  0.0000000000000000
       187  0.0000000000000000
       188  0.0000000000000000
       189  0.0000000000000000
       190  0.0000000000000000
       191  0.0000000000000000
       192  0.0000000000000000
       193  0.0000000000000000
       194  0.0000000000000000
       195  0.0000000000000000
       196  0.0000000000000000
       197  0.0000000000000000
       198  0.0000000000000000
       199  0.0000000000000000
       200  0.0000000000000000
       201  0.0000000000000000
       202  0.0000000000000000
       203  0.0000000000000000
       204  0.0000000000000000
       205  0.0000000000000000
       206  0.0000000000000000
       207  0.0000000000000000
       208  0.0000000000000000
       209  0.0000000000000000
       210  0.0000000000000000
       211  0.0000000000000000
       212  0.0000000000000000
       213  0.0000000000000000
       214  0.0000000000000000
       215  0.0000000000000000
       216  0.0000000000000000
       217  0.0000000000000000
       218  0.0000000000000000
       219  0.0000000000000000
       220  0.0000000000000000
       221  0.0000000000000000
       222  0.0000000000000000
       223  0.0000000000000000
       224  0.0000000000000000
       225  0.0000000000000000
       226  0.0000000000000000
       227  0.0000000000000000
       228  0.0000000000000000
       229  0.0000000000000000
       230  0.0000000000000000
       231  0.0000000000000000
       232  0.0000000000000000
       233  0.0000000000000000
       234  0.0000000000000000
       235  0.0000000000000000
       236  0.0000000000000000
       237  0.0000000000000000
       238  0.0000000000000000
       239  0.0000000000000000
       240  0.0000000000000000
