         0  0.4000000000000000
         1  0.4321034624445078
         2  0.4609780631902142
         3  0.4833567294118681
         4  0.4963726584486640
         5  0.4971222133527528
         6  0.4820757092914072
         7  0.4468237769799427
         8  0.3875836476766312
         9  0.3085287110996321
        10  0.2326922253235662
        11  0.1823957718328867
        12  0.1571740757106670
        13  0.1469910659969161
        14  0.1431611468443844
        15  0.1410941671728943
        16  0.1392359240611993
        17  0.1372322946475436
        18  0.1350139085496408
        19  0.1325578169897821
        20  0.1298477649983749
        21  0.1268697413304212
        22  0.1236122285846161
        23  0.1200670547222518
        24  0.1162303659106033
        25  0.1121036273207227
        26  0.1076945788848612
        27  0.1030180580193919
        28  0.0980965878161308
        29  0.0929606249685550
        30  0.0876483714846847
        31  0.0822050814724779
        32  0.0766818391121927
        33  0.0711338429163824
        34  0.0656182961193600
        35  0.0601920620639126
        36  0.0549092842675425
        37  0.0498191835097031
        38  0.0449642247118597
        39  0.0403787977370049
        40  0.0360884883369867
        41  0.0321099422785664
        42  0.0284512604459884
        43  0.0251128157290581
        44  0.0220883583902940
        45  0.0193662744203534
        46  0.0169308763702726
        47  0.0147636316617607
        48  0.0128442627775065
        49  0.0111516818926080
        50  0.0096647461923143
        51  0.0083628377368990
        52  0.0072262834963222
        53  0.0062366374599700
        54  0.0053768493093142
        55  0.0046313435491714
        56  0.0039860310024538
        57  0.0034282714360732
        58  0.0029468028507446
        59  0.0025316497864815
        60  0.0021740200904104
        61  0.0018661971107936
        62  0.0016014323321698
        63  0.0013738419135077
        64  0.0011783091767013
        65  0.0010103944768118
        66  0.0008662528804033
        67  0.0007425598616060
        68  0.0006364448900142
        69  0.0005454322857692
        70  0.0004673891279389
        71  0.0004004793389863
        72  0.0003431235595990
        73  0.0002939641172075
        74  0.0002518345186172
        75  0.0002157330225095
        76  0.0001847996827223
        77  0.0001582965461778
        78  0.0001355905260846
        79  0.0001161386313458
        80  0.0000994752476215
        81  0.0000852011792560
        82  0.0000729742349544
        83  0.0000625011220561
        84  0.0000535304889848
        85  0.0000458469490355
        86  0.0000392659487710
        87  0.0000336293675176
        88  0.0000288017369007
        89  0.0000246670048757
        90  0.0000211257547608
        91  0.0000180928258400
        92  0.0000154952703760
        93  0.0000132706049920
        94  0.0000113653086411
        95  0.0000097335414451
        96  0.0000083360391852
        97  0.0000071391743929
        98  0.0000061141437919
        99  0.0000052362799873
       100  0.0000044844546130
       101  0.0000038405735590
       102  0.0000032891388869
       103  0.0000028168784668
       104  0.0000024124246714
       105  0.0000020660424882
       106  0.0000017693940169
       107  0.0000015153387852
       108  0.0000012977611914
       109  0.0000011114239706
       110  0.0000009518414812
       111  0.0000008151722901
       112  0.0000006981265380
       113  0.0000005978866340
       114  0.0000005120395042
       115  0.0000004385186288
       116  0.0000003755541774
       117  0.0000003216304298
       118  0.0000002754492801
       119  0.0000002358990175
       120  0.0000002020275578
       121  0.0000001730195042
       122  0.0000001481765551
       123  0.0000001269006723
       124  0.0000001086796765
       125  0.0000000930749345
       126  0.0000000797107952
       127  0.0000000682655405
       128  0.0000000584636470
       129  0.0000000500691598
       130  0.0000000428799889
       131  0.0000000367230750
       132  0.0000000314502006
       133  0.0000000269344304
       134  0.0000000230670559
       135  0.0000000197549772
       136  0.0000000169184625
       137  0.0000000144892281
       138  0.0000000124087948
       139  0.0000000106270802
       140  0.0000000091011928
       141  0.0000000077943996
       142  0.0000000066752422
       143  0.0000000057167785
       144  0.0000000048959360
       145  0.0000000041929541
       146  0.0000000035909097
       147  0.0000000030753097
       148  0.0000000026337418
       149  0.0000000022555760
       150  0.0000000019317099
       151  0.0000000016543454
       152  0.0000000014168066
       153  0.0000000012133748
       154  0.0000000010391524
       155  0.0000000008899461
       156  0.0000000007621631
       157  0.0000000006527282
       158  0.0000000005590063
       159  0.0000000004787415
       160  0.0000000004100015
       161  0.0000000003511315
       162  0.0000000003007144
       163  0.0000000002575363
       164  0.0000000002205580
       165  0.0000000001888892
       166  0.0000000001617676
       167  0.0000000001385402
       168  0.0000000001186480
       169  0.0000000001016119
       170  0.0000000000870220
       171  0.0000000000745269
       172  0.0000000000638260
       173  0.0000000000546616
       174  0.0000000000468130
       175  0.0000000000400913
       176  0.0000000000343348
       177  0.0000000000294049
       178  0.0000000000251828
       179  0.0000000000215669
       180  0.0000000000184702
       181  0.0000000000158182
       182  0.0000000000135469
       183  0.0000000000116018
       184  0.0000000000099360
       185  0.0000000000085093
       186  0.0000000000072875
       187  0.0000000000062411
       188  0.0000000000053450
       189  0.0000000000045775
       190  0.0000000000039203
       191  0.0000000000033574
       192  0.0000000000028753
       193  0.0000000000024625
       194  0.0000000000021089
       195  0.0000000000018061
       196  0.0000000000015468
       197  0.0000000000013247
       198  0.0000000000011345
       199  0.0000000000009716
       200  0.0000000000008321
