         0  0.6000000000000000
         1  0.4337502099974017
         2  0.2807393125348845
         3  0.1643225476518639
         4  0.0888624032519362
         5  0.0453073837632237
         6  0.0220627554057555
         7  0.0103154435345094
         8  0.0046291401696324
         9  0.0019904808116870
        10  0.0008470763487296
        11  0.0005454346132267
        12  0.0007161327416107
        13  0.0009485318511977
        14  0.0011611429040474
        15  0.0013330820602747
        16  0.0014659280347402
        17  0.0015727550476616
        18  0.0016664468147462
        19  0.0017554575465181
        20  0.0018444082885925
        21  0.0019356541340886
        22  0.0020304047313595
        23  0.0021293315256908
        24  0.0022328636683105
        25  0.0023413260662479
        26  0.0024550027303200
        27  0.0025741657734255
        28  0.0026990888109022
        29  0.0028300533220936
        30  0.0029673518505957
        31  0.0031112897943523
        32  0.0032621865757036
        33  0.0034203765479593
        34  0.0035862097996820
        35  0.0037600529299347
        36  0.0039422898280523
        37  0.0041333224736537
        38  0.0043335717646271
        39  0.0045434783772433
        40  0.0047635036606970
        41  0.0049941305680951
        42  0.0052358646250755
        43  0.0054892349374370
        44  0.0057547952389359
        45  0.0060331249802795
        46  0.0063248304608708
        47  0.0066305460035538
        48  0.0069509351744148
        49  0.0072866920471256
        50  0.0076385425150781
        51  0.0080072456491790
        52  0.0083935951047090
        53  0.0087984205758107
        54  0.0092225893005464
        55  0.0096670076125028
        56  0.0101326225457665
        57  0.0106204234876503
        58  0.0111314438816348
        59  0.0116667629715102
        60  0.0122275076121987
        61  0.0128148541091023
        62  0.0134300301138977
        63  0.0140743165607119
        64  0.0147490496461604
        65  0.0154556228498593
        66  0.0161954889853958
        67  0.0169701622973954
        68  0.0177812205699591
        69  0.0186303072728853
        70  0.0195191337236157
        71  0.0204494812502853
        72  0.0214232033758497
        73  0.0224422279846566
        74  0.0235085594889139
        75  0.0246242809466435
        76  0.0257915561967923
        77  0.0270126318629300
        78  0.0282898394068327
        79  0.0296255969672455
        80  0.0310224112721855
        90  0.1000000000000000
       100  0.2000000000000000
       110  0.3000000000000000
       120  0.4000000000000000
       130  0.5000000000000000
       140  0.6000000000000000
       150  0.7000000000000000
       160  0.8000000000000000
       170  0.9000000000000000
       180  1.0000000000000000
