         0  0.5000000000000000
         1  0.5588188105969111
         2  0.6159980729818749
         3  0.6701888779829576
         4  0.7207635448860714
         5  0.7672991326539838
         6  0.8093466688053774
         7  0.8464509166461618
         8  0.8782969851839186
         9  0.9048477422460460
        10  0.9263852602361696
        11  0.9434487673711587
        12  0.9567179974863603
        13  0.9668985403718821
        14  0.9746415448747857
        15  0.9805031373941470
        16  0.9849340933633199
        17  0.9882871421598416
        18  0.9908319360403456
        19  0.9927715868769652
        20  0.9942577556218513
        21  0.9954031905817217
        22  0.9962916061979689
        23  0.9969852201662498
        24  0.9975303924036126
        25  0.9979617946164109
        26  0.9983054736364535
        27  0.9985810954141602
        28  0.9988035883742251
        29  0.9989843483969865
        30  0.9991321248101426
        31  0.9992536740384965
        32  0.9993542438641212
        33  0.9994379338312518
        34  0.9995079647603051
        35  0.9995668813148928
        36  0.9996167050337289
        37  0.9996590505417734
        38  0.9996952142603621
        39  0.9997262424714346
        40  0.9997529838229077
        41  0.9997761300138004
        42  0.9997962475021912
        43  0.9998138023231511
        44  0.9998291796125907
        45  0.9998426990376390
        46  0.9998546270488298
        47  0.9998651866505522
        48  0.9998745652310818
        49  0.9998829208598237
        50  0.9998903873732267
        51  0.9998970785056867
        52  0.9999030912481993
        53  0.9999085085977976
        54  0.9999134018121585
        55  0.9999178322699110
        56  0.9999218530032276
        57  0.9999255099730724
        58  0.9999288431308364
        59  0.9999318873016079
        60  0.9999346729286603
        61  0.9999372266943308
        62  0.9999395720476020
        63  0.9999417296484335
        64  0.9999437177438174
        65  0.9999455524884404
        66  0.9999472482185856
        67  0.9999488176853094
        68  0.9999502722548594
        69  0.9999516220808162
        70  0.9999528762524345
        71  0.9999540429224787
        72  0.9999551294188385
        73  0.9999561423396088
        74  0.9999570876374816
        75  0.9999579706926978
        76  0.9999587963765706
        77  0.9999595691069025
        78  0.9999602928971033
        79  0.9999609713994473
        80  0.9999616079421124
        81  0.9999622055634519
        82  0.9999627670406370
        83  0.9999632949161760
        84  0.9999637915209195
        85  0.9999642589946490
        86  0.9999646993043552
        87  0.9999651142605023
        88  0.9999655055316051
        89  0.9999658746572291
        90  0.9999662230596464
        91  0.9999665520542842
        92  0.9999668628591369
        93  0.9999671566030776
        94  0.9999674343337427
        95  0.9999676970240583
        96  0.9999679455786818
        97  0.9999681808395378
        98  0.9999684035907980
        99  0.9999686145637083
       100  0.9999688144404906
       101  0.9999690038584117
       102  0.9999691834130759
       103  0.9999693536615801
       104  0.9999695151254991
       105  0.9999696682934955
       106  0.9999698136236345
       107  0.9999699515456116
       108  0.9999700824628436
       109  0.9999702067543103
       110  0.9999703247761862
       111  0.9999704368634404
       112  0.9999705433312934
       113  0.9999706444765400
       114  0.9999707405787736
       115  0.9999708319015166
       116  0.9999709186932664
       117  0.9999710011884609
       118  0.9999710796083682
       119  0.9999711541619111
       120  0.9999712250464704
       121  0.9999712924485783
       122  0.9999713565445727
       123  0.9999714175012302
       124  0.9999714754763372
       125  0.9999715306192267
       126  0.9999715830712711
       127  0.9999716329663613
       128  0.9999716804313309
       129  0.9999717255863637
       130  0.9999717685453775
       131  0.9999718094163796
       132  0.9999718483017997
       133  0.9999718852987923
       134  0.9999719204995495
       135  0.9999719539915520
       136  0.9999719858578464
       137  0.9999720161772723
       138  0.9999720450246983
       139  0.9999720724712362
       140  0.9999720985844337
       141  0.9999721234284683
       142  0.9999721470643281
       143  0.9999721695499790
       144  0.9999721909405226
       145  0.9999722112883418
       146  0.9999722306432418
       147  0.9999722490525900
       148  0.9999722665614289
       149  0.9999722832126112
       150  0.9999722990468997
       151  0.9999723141030761
       152  0.9999723284180422
       153  0.9999723420269135
       154  0.9999723549631095
       155  0.9999723672584383
       156  0.9999723789431770
       157  0.9999723900461479
       158  0.9999724005947905
       159  0.9999724106152275
       160  0.9999724201323381
       161  0.9999724291698088
       162  0.9999724377501958
       163  0.9999724458949816
       164  0.9999724536246265
       165  0.9999724609586181
       166  0.9999724679155191
       167  0.9999724745130117
       168  0.9999724807679399
       169  0.9999724866963506
       170  0.9999724923135327
       171  0.9999724976340516
       172  0.9999725026717857
       173  0.9999725074399586
       174  0.9999725119511703
       175  0.9999725162174281
       176  0.9999725202501737
       177  0.9999725240603102
       178  0.9999725276582286
       179  0.9999725310538327
       180  0.9999725342565596
       181  0.9999725372754049
       182  0.9999725401189419
       183  0.9999725427953419
       184  0.9999725453123934
       185  0.9999725476775204
       186  0.9999725498977994
       187  0.9999725519799756
       188  0.9999725539304783
       189  0.9999725557554371
       190  0.9999725574606948
       191  0.9999725590518214
       192  0.9999725605341259
       193  0.9999725619126701
       194  0.9999725631922803
       195  0.9999725643775564
       196  0.9999725654728839
       197  0.9999725664824439
       198  0.9999725674102228
       199  0.9999725682600207
       200  0.9999725690354619
       201  0.9999725697400006
       202  0.9999725703769302
       203  0.9999725709493911
       204  0.9999725714603770
       205  0.9999725719127427
       206  0.9999725723092100
       207  0.9999725726523738
       208  0.9999725729447086
       209  0.9999725731885735
       210  0.9999725733862179
       211  0.9999725735397866
       212  0.9999725736513250
       213  0.9999725737227826
       214  0.9999725737560190
       215  0.9999725737528070
       216  0.9999725737148369
       217  0.9999725736437209
       218  0.9999725735409960
       219  0.9999725734081274
       220  0.9999725732465127
       221  0.9999725730574844
       222  0.9999725728423133
       223  0.9999725726022108
       224  0.9999725723383323
       225  0.9999725720517793
       226  0.9999725717436023
       227  0.9999725714148032
       228  0.9999725710663370
       229  0.9999725706991145
       230  0.9999725703140042
       231  0.9999725699118344
       232  0.9999725694933947
       233  0.9999725690594384
       234  0.9999725686106834
       235  0.9999725681478145
       236  0.9999725676714847
       237  0.9999725671823166
       238  0.9999725666809042
       239  0.9999725661678135
       240  0.9999725656435845
       241  0.9999725651087321
       242  0.9999725645637472
       243  0.9999725640090981
       244  0.9999725634452311
       245  0.9999725628725720
       246  0.9999725622915269
       247  0.9999725617024827
       248  0.9999725611058088
       249  0.9999725605018571
       250  0.9999725598909633
       251  0.9999725592734477
       252  0.9999725586496155
       253  0.9999725580197577
       254  0.9999725573841520
       255  0.9999725567430632
       256  0.9999725560967436
       257  0.9999725554454341
       258  0.9999725547893640
       259  0.9999725541287523
       260  0.9999725534638079
       261  0.9999725527947297
       262  0.9999725521217077
       263  0.9999725514449228
       264  0.9999725507645476
       265  0.9999725500807469
       266  0.9999725493936774
       267  0.9999725487034891
       268  0.9999725480103245
       269  0.9999725473143199
       270  0.9999725466156051
       271  0.9999725459143037
       272  0.9999725452105340
       273  0.9999725445044085
       274  0.9999725437960345
       275  0.9999725430855143
       276  0.9999725423729457
       277  0.9999725416584218
       278  0.9999725409420313
       279  0.9999725402238586
       280  0.9999725395039849
       281  0.9999725387824869
       282  0.9999725380594381
       283  0.9999725373349084
       284  0.9999725366089648
       285  0.9999725358816708
       286  0.9999725351530870
       287  0.9999725344232715
       288  0.9999725336922795
       289  0.9999725329601634
       290  0.9999725322269738
       291  0.9999725314927582
       292  0.9999725307575624
       293  0.9999725300214301
       294  0.9999725292844026
       295  0.9999725285465195
       296  0.9999725278078188
       297  0.9999725270683362
       298  0.9999725263281061
       299  0.9999725255871614
       300  0.9999725248455332
       301  0.9999725241032513
       302  0.9999725233603440
       303  0.9999725226168387
       304  0.9999725218727608
       305  0.9999725211281352
       306  0.9999725203829852
       307  0.9999725196373334
       308  0.9999725188912009
       309  0.9999725181446083
       310  0.9999725173975749
       311  0.9999725166501191
       312  0.9999725159022588
       313  0.9999725151540108
       314  0.9999725144053909
       315  0.9999725136564147
       316  0.9999725129070967
       317  0.9999725121574508
       318  0.9999725114074902
       319  0.9999725106572278
       320  0.9999725099066754
       321  0.9999725091558448
       322  0.9999725084047467
       323  0.9999725076533917
       324  0.9999725069017900
       325  0.9999725061499507
       326  0.9999725053978831
       327  0.9999725046455958
       328  0.9999725038930972
       329  0.9999725031403951
       330  0.9999725023874969
       331  0.9999725016344099
       332  0.9999725008811408
       333  0.9999725001276962
       334  0.9999724993740823
       335  0.9999724986203050
       336  0.9999724978663700
       337  0.9999724971122825
       338  0.9999724963580480
       339  0.9999724956036710
       340  0.9999724948491564
       341  0.9999724940945085
       342  0.9999724933397317
       343  0.9999724925848300
       344  0.9999724918298073
       345  0.9999724910746671
       346  0.9999724903194130
       347  0.9999724895640485
       348  0.9999724888085767
       349  0.9999724880530005
       350  0.9999724872973230
       351  0.9999724865415468
       352  0.9999724857856747
       353  0.9999724850297091
       354  0.9999724842736525
       355  0.9999724835175070
       356  0.9999724827612750
       357  0.9999724820049585
       358  0.9999724812485594
       359  0.9999724804920798
       360  0.9999724797355212
       361  0.9999724789788855
       362  0.9999724782221745
       363  0.9999724774653894
       364  0.9999724767085320
       365  0.9999724759516035
       366  0.9999724751946054
       367  0.9999724744375390
       368  0.9999724736804055
       369  0.9999724729232060
       370  0.9999724721659417
       371  0.9999724714086137
       372  0.9999724706512229
       373  0.9999724698937703
       374  0.9999724691362569
       375  0.9999724683786836
       376  0.9999724676210511
       377  0.9999724668633603
       378  0.9999724661056120
       379  0.9999724653478069
       380  0.9999724645899456
       381  0.9999724638320290
       382  0.9999724630740574
       383  0.9999724623160317
       384  0.9999724615579523
       385  0.9999724607998197
       386  0.9999724600416346
       387  0.9999724592833975
       388  0.9999724585251087
       389  0.9999724577667689
       390  0.9999724570083782
       391  0.9999724562499374
       392  0.9999724554914464
       393  0.9999724547329061
       394  0.9999724539743164
       395  0.9999724532156781
       396  0.9999724524569911
       397  0.9999724516982559
       398  0.9999724509394728
       399  0.9999724501806421
       400  0.9999724494217639
       401  0.9999724486628387
       402  0.9999724479038665
       403  0.9999724471448478
       404  0.9999724463857826
       405  0.9999724456266712
       406  0.9999724448675138
       407  0.9999724441083104
       408  0.9999724433490615
       409  0.9999724425897671
       410  0.9999724418304275
       411  0.9999724410710427
       412  0.9999724403116128
       413  0.9999724395521381
       414  0.9999724387926187
       415  0.9999724380330547
       416  0.9999724372734461
       417  0.9999724365137933
       418  0.9999724357540962
       419  0.9999724349943550
       420  0.9999724342345697
       421  0.9999724334747404
       422  0.9999724327148674
       423  0.9999724319549506
       424  0.9999724311949900
       425  0.9999724304349860
       426  0.9999724296749384
       427  0.9999724289148473
       428  0.9999724281547128
       429  0.9999724273945350
       430  0.9999724266343140
       431  0.9999724258740497
       432  0.9999724251137423
       433  0.9999724243533918
       434  0.9999724235929983
       435  0.9999724228325618
       436  0.9999724220720824
       437  0.9999724213115599
       438  0.9999724205509948
       439  0.9999724197903866
       440  0.9999724190297359
       441  0.9999724182690423
       442  0.9999724175083059
       443  0.9999724167475269
       444  0.9999724159867053
       445  0.9999724152258410
       446  0.9999724144649341
       447  0.9999724137039846
       448  0.9999724129429927
       449  0.9999724121819581
       450  0.9999724114208810
       451  0.9999724106597615
       452  0.9999724098985995
       453  0.9999724091373950
       454  0.9999724083761481
       455  0.9999724076148588
       456  0.9999724068535271
       457  0.9999724060921530
       458  0.9999724053307365
       459  0.9999724045692777
       460  0.9999724038077765
       461  0.9999724030462330
       462  0.9999724022846472
       463  0.9999724015230190
       464  0.9999724007613486
       465  0.9999723999996358
       466  0.9999723992378808
       467  0.9999723984760834
       468  0.9999723977142438
       469  0.9999723969523621
       470  0.9999723961904379
       471  0.9999723954284715
       472  0.9999723946664629
       473  0.9999723939044121
       474  0.9999723931423189
       475  0.9999723923801835
       476  0.9999723916180060
       477  0.9999723908557863
       478  0.9999723900935242
       479  0.9999723893312199
       480  0.9999723885688735
       481  0.9999723878064848
       482  0.9999723870440539
       483  0.9999723862815808
       484  0.9999723855190654
       485  0.9999723847565080
       486  0.9999723839939082
       487  0.9999723832312662
       488  0.9999723824685820
       489  0.9999723817058557
       490  0.9999723809430870
       491  0.9999723801802763
       492  0.9999723794174233
       493  0.9999723786545281
       494  0.9999723778915907
       495  0.9999723771286111
       496  0.9999723763655892
       497  0.9999723756025253
       498  0.9999723748394190
       499  0.9999723740762705
       500  0.9999723733130799
       501  0.9999723725498469
       502  0.9999723717865718
       503  0.9999723710232545
       504  0.9999723702598950
       505  0.9999723694964933
       506  0.9999723687330493
       507  0.9999723679695631
       508  0.9999723672060347
       509  0.9999723664424640
       510  0.9999723656788512
       511  0.9999723649151960
       512  0.9999723641514987
       513  0.9999723633877591
       514  0.9999723626239773
       515  0.9999723618601531
       516  0.9999723610962868
       517  0.9999723603323784
       518  0.9999723595684276
       519  0.9999723588044345
       520  0.9999723580403992
       521  0.9999723572763216
       522  0.9999723565122017
       523  0.9999723557480397
       524  0.9999723549838353
       525  0.9999723542195887
       526  0.9999723534552998
       527  0.9999723526909686
       528  0.9999723519265953
       529  0.9999723511621795
       530  0.9999723503977215
       531  0.9999723496332212
       532  0.9999723488686787
       533  0.9999723481040939
       534  0.9999723473394667
       535  0.9999723465747973
       536  0.9999723458100855
       537  0.9999723450453314
       538  0.9999723442805351
       539  0.9999723435156964
       540  0.9999723427508155
       541  0.9999723419858921
       542  0.9999723412209266
       543  0.9999723404559187
       544  0.9999723396908684
       545  0.9999723389257757
       546  0.9999723381606409
       547  0.9999723373954637
       548  0.9999723366302440
       549  0.9999723358649821
       550  0.9999723350996779
       551  0.9999723343343312
       552  0.9999723335689422
       553  0.9999723328035109
       554  0.9999723320380373
       555  0.9999723312725212
       556  0.9999723305069628
       557  0.9999723297413620
       558  0.9999723289757189
       559  0.9999723282100333
       560  0.9999723274443054
       561  0.9999723266785351
       562  0.9999723259127224
       563  0.9999723251468674
       564  0.9999723243809699
       565  0.9999723236150301
       566  0.9999723228490479
       567  0.9999723220830232
       568  0.9999723213169562
       569  0.9999723205508467
       570  0.9999723197846948
       571  0.9999723190185006
       572  0.9999723182522638
       573  0.9999723174859847
       574  0.9999723167196632
       575  0.9999723159532992
       576  0.9999723151868928
       577  0.9999723144204440
       578  0.9999723136539527
       579  0.9999723128874189
       580  0.9999723121208427
       581  0.9999723113542242
       582  0.9999723105875630
       583  0.9999723098208595
       584  0.9999723090541135
       585  0.9999723082873250
       586  0.9999723075204940
       587  0.9999723067536207
       588  0.9999723059867048
       589  0.9999723052197464
       590  0.9999723044527457
       591  0.9999723036857023
       592  0.9999723029186165
       593  0.9999723021514881
       594  0.9999723013843174
       595  0.9999723006171041
       596  0.9999722998498483
       597  0.9999722990825499
       598  0.9999722983152092
       599  0.9999722975478258
       600  0.9999722967804000
       601  0.9999722960129316
       602  0.9999722952454208
       603  0.9999722944778673
       604  0.9999722937102713
       605  0.9999722929426329
       606  0.9999722921749519
       607  0.9999722914072283
       608  0.9999722906394621
       609  0.9999722898716535
       610  0.9999722891038023
       611  0.9999722883359086
       612  0.9999722875679722
       613  0.9999722867999934
       614  0.9999722860319719
       615  0.9999722852639079
       616  0.9999722844958013
       617  0.9999722837276521
       618  0.9999722829594604
       619  0.9999722821912260
       620  0.9999722814229491
       621  0.9999722806546296
       622  0.9999722798862675
       623  0.9999722791178628
       624  0.9999722783494155
       625  0.9999722775809256
       626  0.9999722768123931
       627  0.9999722760438180
       628  0.9999722752752002
       629  0.9999722745065398
       630  0.9999722737378368
       631  0.9999722729690912
       632  0.9999722722003030
       633  0.9999722714314722
       634  0.9999722706625986
       635  0.9999722698936825
       636  0.9999722691247237
       637  0.9999722683557223
       638  0.9999722675866781
       639  0.9999722668175914
       640  0.9999722660484620
       641  0.9999722652792900
       642  0.9999722645100751
       643  0.9999722637408178
       644  0.9999722629715178
       645  0.9999722622021749
       646  0.9999722614327895
       647  0.9999722606633614
       648  0.9999722598938906
       649  0.9999722591243771
       650  0.9999722583548210
       651  0.9999722575852221
       652  0.9999722568155806
       653  0.9999722560458962
       654  0.9999722552761693
       655  0.9999722545063996
       656  0.9999722537365872
       657  0.9999722529667320
       658  0.9999722521968342
       659  0.9999722514268936
       660  0.9999722506569103
       661  0.9999722498868843
       662  0.9999722491168155
       663  0.9999722483467040
       664  0.9999722475765497
       665  0.9999722468063527
       666  0.9999722460361129
       667  0.9999722452658304
       668  0.9999722444955051
       669  0.9999722437251372
       670  0.9999722429547263
       671  0.9999722421842727
       672  0.9999722414137764
       673  0.9999722406432373
       674  0.9999722398726555
       675  0.9999722391020308
       676  0.9999722383313633
       677  0.9999722375606530
       678  0.9999722367899000
       679  0.9999722360191042
       680  0.9999722352482655
       681  0.9999722344773841
       682  0.9999722337064598
       683  0.9999722329354929
       684  0.9999722321644829
       685  0.9999722313934303
       686  0.9999722306223348
       687  0.9999722298511964
       688  0.9999722290800153
       689  0.9999722283087913
       690  0.9999722275375245
       691  0.9999722267662148
       692  0.9999722259948622
       693  0.9999722252234668
       694  0.9999722244520287
       695  0.9999722236805476
       696  0.9999722229090237
       697  0.9999722221374570
       698  0.9999722213658473
       699  0.9999722205941948
       700  0.9999722198224994
       701  0.9999722190507611
       702  0.9999722182789800
       703  0.9999722175071559
       704  0.9999722167352890
       705  0.9999722159633793
       706  0.9999722151914265
       707  0.9999722144194310
       708  0.9999722136473924
       709  0.9999722128753111
       710  0.9999722121031868
       711  0.9999722113310195
       712  0.9999722105588095
       713  0.9999722097865564
       714  0.9999722090142604
       715  0.9999722082419216
       716  0.9999722074695397
       717  0.9999722066971150
       718  0.9999722059246473
       719  0.9999722051521367
       720  0.9999722043795831
       721  0.9999722036069866
       722  0.9999722028343472
       723  0.9999722020616647
       724  0.9999722012889394
       725  0.9999722005161710
       726  0.9999721997433597
       727  0.9999721989705055
       728  0.9999721981976082
       729  0.9999721974246680
       730  0.9999721966516848
       731  0.9999721958786586
       732  0.9999721951055894
       733  0.9999721943324773
       734  0.9999721935593222
       735  0.9999721927861240
       736  0.9999721920128829
       737  0.9999721912395987
       738  0.9999721904662716
       739  0.9999721896929014
       740  0.9999721889194882
       741  0.9999721881460321
       742  0.9999721873725328
       743  0.9999721865989906
       744  0.9999721858254053
       745  0.9999721850517770
       746  0.9999721842781056
       747  0.9999721835043912
       748  0.9999721827306338
       749  0.9999721819568334
       750  0.9999721811829898
       751  0.9999721804091033
       752  0.9999721796351736
       753  0.9999721788612009
       754  0.9999721780871852
       755  0.9999721773131263
       756  0.9999721765390244
       757  0.9999721757648794
       758  0.9999721749906914
       759  0.9999721742164602
       760  0.9999721734421860
       761  0.9999721726678686
       762  0.9999721718935083
       763  0.9999721711191047
       764  0.9999721703446581
       765  0.9999721695701684
       766  0.9999721687956357
       767  0.9999721680210597
       768  0.9999721672464407
       769  0.9999721664717784
       770  0.9999721656970731
       771  0.9999721649223248
       772  0.9999721641475332
       773  0.9999721633726986
       774  0.9999721625978207
       775  0.9999721618228997
       776  0.9999721610479356
       777  0.9999721602729283
       778  0.9999721594978780
       779  0.9999721587227844
       780  0.9999721579476477
       781  0.9999721571724678
       782  0.9999721563972448
       783  0.9999721556219786
       784  0.9999721548466692
       785  0.9999721540713167
       786  0.9999721532959209
       787  0.9999721525204820
       788  0.9999721517449999
       789  0.9999721509694746
       790  0.9999721501939061
       791  0.9999721494182944
       792  0.9999721486426394
       793  0.9999721478669413
       794  0.9999721470912000
       795  0.9999721463154155
       796  0.9999721455395877
       797  0.9999721447637168
       798  0.9999721439878025
       799  0.9999721432118451
       800  0.9999721424358445
       801  0.9999721416598006
       802  0.9999721408837136
       803  0.9999721401075832
       804  0.9999721393314096
       805  0.9999721385551927
       806  0.9999721377789326
       807  0.9999721370026292
       808  0.9999721362262827
       809  0.9999721354498927
       810  0.9999721346734596
       811  0.9999721338969831
       812  0.9999721331204635
       813  0.9999721323439005
       814  0.9999721315672943
       815  0.9999721307906447
       816  0.9999721300139519
       817  0.9999721292372158
       818  0.9999721284604364
       819  0.9999721276836137
       820  0.9999721269067476
       821  0.9999721261298382
       822  0.9999721253528856
       823  0.9999721245758897
       824  0.9999721237988504
       825  0.9999721230217679
       826  0.9999721222446419
       827  0.9999721214674726
       828  0.9999721206902601
       829  0.9999721199130042
       830  0.9999721191357049
       831  0.9999721183583623
       832  0.9999721175809764
       833  0.9999721168035471
       834  0.9999721160260745
       835  0.9999721152485584
       836  0.9999721144709991
       837  0.9999721136933963
       838  0.9999721129157503
       839  0.9999721121380608
       840  0.9999721113603279
       841  0.9999721105825518
       842  0.9999721098047322
       843  0.9999721090268692
       844  0.9999721082489628
       845  0.9999721074710129
       846  0.9999721066930198
       847  0.9999721059149832
       848  0.9999721051369033
       849  0.9999721043587799
       850  0.9999721035806131
       851  0.9999721028024029
       852  0.9999721020241492
       853  0.9999721012458522
       854  0.9999721004675117
       855  0.9999720996891278
       856  0.9999720989107005
       857  0.9999720981322296
       858  0.9999720973537154
       859  0.9999720965751577
       860  0.9999720957965567
       861  0.9999720950179121
       862  0.9999720942392241
       863  0.9999720934604925
       864  0.9999720926817176
       865  0.9999720919028993
       866  0.9999720911240373
       867  0.9999720903451320
       868  0.9999720895661831
       869  0.9999720887871908
       870  0.9999720880081551
       871  0.9999720872290757
       872  0.9999720864499529
       873  0.9999720856707867
       874  0.9999720848915770
       875  0.9999720841123236
       876  0.9999720833330269
       877  0.9999720825536865
       878  0.9999720817743027
       879  0.9999720809948754
       880  0.9999720802154046
       881  0.9999720794358902
       882  0.9999720786563323
       883  0.9999720778767309
       884  0.9999720770970859
       885  0.9999720763173974
       886  0.9999720755376653
       887  0.9999720747578897
       888  0.9999720739780706
       889  0.9999720731982079
       890  0.9999720724183017
       891  0.9999720716383518
       892  0.9999720708583585
       893  0.9999720700783215
       894  0.9999720692982410
       895  0.9999720685181168
       896  0.9999720677379492
       897  0.9999720669577379
       898  0.9999720661774831
       899  0.9999720653971846
       900  0.9999720646168426
       901  0.9999720638364570
       902  0.9999720630560277
       903  0.9999720622755549
       904  0.9999720614950385
       905  0.9999720607144784
       906  0.9999720599338747
       907  0.9999720591532274
       908  0.9999720583725366
       909  0.9999720575918020
       910  0.9999720568110237
       911  0.9999720560302020
       912  0.9999720552493365
       913  0.9999720544684274
       914  0.9999720536874748
       915  0.9999720529064783
       916  0.9999720521254383
       917  0.9999720513443546
       918  0.9999720505632272
       919  0.9999720497820562
       920  0.9999720490008416
       921  0.9999720482195832
       922  0.9999720474382812
       923  0.9999720466569355
       924  0.9999720458755461
       925  0.9999720450941130
       926  0.9999720443126362
       927  0.9999720435311158
       928  0.9999720427495516
       929  0.9999720419679438
       930  0.9999720411862922
       931  0.9999720404045970
       932  0.9999720396228580
       933  0.9999720388410753
       934  0.9999720380592489
       935  0.9999720372773788
       936  0.9999720364954650
       937  0.9999720357135073
       938  0.9999720349315060
       939  0.9999720341494610
       940  0.9999720333673722
       941  0.9999720325852396
       942  0.9999720318030634
       943  0.9999720310208433
       944  0.9999720302385795
       945  0.9999720294562719
       946  0.9999720286739207
       947  0.9999720278915255
       948  0.9999720271090867
       949  0.9999720263266041
       950  0.9999720255440777
       951  0.9999720247615075
       952  0.9999720239788935
       953  0.9999720231962358
       954  0.9999720224135342
       955  0.9999720216307889
       956  0.9999720208479997
       957  0.9999720200651668
       958  0.9999720192822901
       959  0.9999720184993695
       960  0.9999720177164051
       961  0.9999720169333969
       962  0.9999720161503449
       963  0.9999720153672490
       964  0.9999720145841093
       965  0.9999720138009259
       966  0.9999720130176986
       967  0.9999720122344273
       968  0.9999720114511124
       969  0.9999720106677534
       970  0.9999720098843508
       971  0.9999720091009042
       972  0.9999720083174137
       973  0.9999720075338795
       974  0.9999720067503013
       975  0.9999720059666792
       976  0.9999720051830133
       977  0.9999720043993036
       978  0.9999720036155499
       979  0.9999720028317524
       980  0.9999720020479109
       981  0.9999720012640256
       982  0.9999720004800964
       983  0.9999719996961233
       984  0.9999719989121063
       985  0.9999719981280454
       986  0.9999719973439405
       987  0.9999719965597917
       988  0.9999719957755991
       989  0.9999719949913626
       990  0.9999719942070820
       991  0.9999719934227576
       992  0.9999719926383892
       993  0.9999719918539769
       994  0.9999719910695207
       995  0.9999719902850205
       996  0.9999719895004764
       997  0.9999719887158883
       998  0.9999719879312563
       999  0.9999719871465803
      1000  0.9999719863618604
      1010  0.9000000000000000
      1020  0.8000000000000000
      1030  0.7000000000000000
      1040  0.5000000000000000
      1050  0.5000000000000000
      1060  0.4000000000000000
      1070  0.3000000000000000
      1080  0.2000000000000000
      1090  0.1000000000000000
      1100  0.0000000000000000
