         0  0.6000000000000000
         1  0.4819488145038635
         2  0.3701963503805796
         3  0.2735395337389288
         4  0.1962400013721337
         5  0.1380599348899799
         6  0.0960876349727243
         7  0.0666090379475968
         8  0.0462127597810867
         9  0.0321928976102850
        10  0.0225644052697071
        11  0.0159328371514893
        12  0.0113413932042379
        13  0.0081410979859241
        14  0.0058935721924729
        15  0.0043025248539723
        16  0.0031669926516186
        17  0.0023499346945184
        18  0.0017572896109526
        19  0.0013240312739369
        20  0.0010048668021597
        21  0.0007680056699415
        22  0.0005909631202719
        23  0.0004577155187047
        24  0.0003567588811480
        25  0.0002797742875827
        26  0.0002207037947872
        27  0.0001751059398170
        28  0.0001397029785122
        29  0.0001120606197740
        30  0.0000903598768771
        31  0.0000732334820431
        32  0.0000596478136980
        33  0.0000488171450804
        34  0.0000401409858424
        35  0.0000331580255086
        36  0.0000275120893071
        37  0.0000229268313623
        38  0.0000191868241227
        39  0.0000161233569965
        40  0.0000136037108839
        41  0.0000115230247422
        42  0.0000097980971130
        43  0.0000083626385130
        44  0.0000071636209300
        45  0.0000061584582767
        46  0.0000053128190322
        47  0.0000045989228524
        48  0.0000039942082504
        49  0.0000034802870972
        50  0.0000030421202133
        51  0.0000026673659287
        52  0.0000023458623767
        53  0.0000020692154977
        54  0.0000018304693574
        55  0.0000016238419673
        56  0.0000014445125571
        57  0.0000012884498836
        58  0.0000011522730802
        59  0.0000010331387431
        60  0.0000009286488489
        61  0.0000008367754961
        62  0.0000007557991360
        63  0.0000006842580569
        64  0.0000006209063880
        65  0.0000005646797149
        66  0.0000005146663558
        67  0.0000004700836023
        68  0.0000004302579102
        69  0.0000003946083470
        70  0.0000003626327252
        71  0.0000003338959772
        72  0.0000003080203808
        73  0.0000002846773089
        74  0.0000002635802537
        75  0.0000002444789249
        76  0.0000002271542420
        77  0.0000002114140704
        78  0.0000001970895843
        79  0.0000001840321622
        80  0.0000001721107375
        81  0.0000001612095080
        82  0.0000001512259870
        83  0.0000001420693132
        84  0.0000001336587967
        85  0.0000001259226626
        86  0.0000001187969622
        87  0.0000001122246299
        88  0.0000001061546627
        89  0.0000001005414078
        90  0.0000000953439379
        91  0.0000000905255105
        92  0.0000000860530920
        93  0.0000000818969412
        94  0.0000000780302441
        95  0.0000000744287931
        96  0.0000000710707046
        97  0.0000000679361698
        98  0.0000000650072356
        99  0.0000000622676100
       100  0.0000000597024899
       101  0.0000000572984090
       102  0.0000000550431025
       103  0.0000000529253868
       104  0.0000000509350528
       105  0.0000000490627702
       106  0.0000000473000024
       107  0.0000000456389307
       108  0.0000000440723865
       109  0.0000000425937899
       110  0.0000000411970954
       111  0.0000000398767430
       112  0.0000000386276140
       113  0.0000000374449915
       114  0.0000000363245246
       115  0.0000000352621963
       116  0.0000000342542946
       117  0.0000000332973858
       118  0.0000000323882912
       119  0.0000000315240656
       120  0.0000000307019776
       121  0.0000000299194920
       122  0.0000000291742536
       123  0.0000000284640731
       124  0.0000000277869132
       125  0.0000000271408771
       126  0.0000000265241970
       127  0.0000000259352242
       128  0.0000000253724201
       129  0.0000000248343474
       130  0.0000000243196630
       131  0.0000000238271104
       132  0.0000000233555135
       133  0.0000000229037710
       134  0.0000000224708503
       135  0.0000000220557830
       136  0.0000000216576603
       137  0.0000000212756288
       138  0.0000000209088863
       139  0.0000000205566785
       140  0.0000000202182957
       141  0.0000000198930699
       142  0.0000000195803715
       143  0.0000000192796071
       144  0.0000000189902173
       145  0.0000000187116738
       146  0.0000000184434781
       147  0.0000000181851589
       148  0.0000000179362710
       149  0.0000000176963932
       150  0.0000000174651269
       151  0.0000000172420947
       152  0.0000000170269392
       153  0.0000000168193216
       154  0.0000000166189206
       155  0.0000000164254315
       156  0.0000000162385649
       157  0.0000000160580463
       158  0.0000000158836146
       159  0.0000000157150218
       160  0.0000000155520319
       161  0.0000000153944206
       162  0.0000000152419743
       163  0.0000000150944896
       164  0.0000000149517727
       165  0.0000000148136390
       166  0.0000000146799125
       167  0.0000000145504252
       168  0.0000000144250170
       169  0.0000000143035348
       170  0.0000000141858326
       171  0.0000000140717710
       172  0.0000000139612165
       173  0.0000000138540416
       174  0.0000000137501244
       175  0.0000000136493483
       176  0.0000000135516016
       177  0.0000000134567774
       178  0.0000000133647732
       179  0.0000000132754910
       180  0.0000000131888367
       181  0.0000000131047202
       182  0.0000000130230551
       183  0.0000000129437582
       184  0.0000000128667501
       185  0.0000000127919543
       186  0.0000000127192973
       187  0.0000000126487088
       188  0.0000000125801208
       189  0.0000000125134683
       190  0.0000000124486887
       191  0.0000000123857218
       192  0.0000000123245095
       193  0.0000000122649962
       194  0.0000000122071282
       195  0.0000000121508538
       196  0.0000000120961232
       197  0.0000000120428886
       198  0.0000000119911036
       199  0.0000000119407238
       200  0.0000000118917063
       201  0.0000000118440096
       202  0.0000000117975939
       203  0.0000000117524205
       204  0.0000000117084524
       205  0.0000000116656536
       206  0.0000000116239895
       207  0.0000000115834267
       208  0.0000000115439327
       209  0.0000000115054765
       210  0.0000000114680277
       211  0.0000000114315574
       212  0.0000000113960372
       213  0.0000000113614399
       214  0.0000000113277392
       215  0.0000000112949095
       216  0.0000000112629262
       217  0.0000000112317654
       218  0.0000000112014040
       219  0.0000000111718196
       220  0.0000000111429906
       221  0.0000000111148960
       222  0.0000000110875155
       223  0.0000000110608293
       224  0.0000000110348185
       225  0.0000000110094645
       226  0.0000000109847495
       227  0.0000000109606561
       228  0.0000000109371674
       229  0.0000000109142671
       230  0.0000000108919395
       231  0.0000000108701690
       232  0.0000000108489410
       233  0.0000000108282408
       234  0.0000000108080545
       235  0.0000000107883685
       236  0.0000000107691695
       237  0.0000000107504447
       238  0.0000000107321817
       239  0.0000000107143684
       240  0.0000000106969931
       241  0.0000000106800442
       242  0.0000000106635108
       243  0.0000000106473821
       244  0.0000000106316476
       245  0.0000000106162972
       246  0.0000000106013210
       247  0.0000000105867094
       248  0.0000000105724530
       249  0.0000000105585428
       250  0.0000000105449699
       251  0.0000000105317258
       252  0.0000000105188022
       253  0.0000000105061909
       254  0.0000000104938840
       255  0.0000000104818739
       256  0.0000000104701531
       257  0.0000000104587143
       258  0.0000000104475504
       259  0.0000000104366546
       260  0.0000000104260202
       261  0.0000000104156407
       262  0.0000000104055097
       263  0.0000000103956210
       264  0.0000000103859687
       265  0.0000000103765468
       266  0.0000000103673498
       267  0.0000000103583719
       268  0.0000000103496079
       269  0.0000000103410525
       270  0.0000000103327005
       271  0.0000000103245470
       272  0.0000000103165871
       273  0.0000000103088161
       274  0.0000000103012293
       275  0.0000000102938222
       276  0.0000000102865905
       277  0.0000000102795299
       278  0.0000000102726363
       279  0.0000000102659055
       280  0.0000000102593337
       281  0.0000000102529170
       282  0.0000000102466517
       283  0.0000000102405340
       284  0.0000000102345605
       285  0.0000000102287275
       286  0.0000000102230319
       287  0.0000000102174702
       288  0.0000000102120393
       289  0.0000000102067359
       290  0.0000000102015571
       291  0.0000000101964999
       292  0.0000000101915613
       293  0.0000000101867385
       294  0.0000000101820287
       295  0.0000000101774293
       296  0.0000000101729376
       297  0.0000000101685511
       298  0.0000000101642671
       299  0.0000000101600834
       300  0.0000000101559975
       301  0.0000000101520071
       302  0.0000000101481099
       303  0.0000000101443037
       304  0.0000000101405863
       305  0.0000000101369557
       306  0.0000000101334098
       307  0.0000000101299466
       308  0.0000000101265642
       309  0.0000000101232605
       310  0.0000000101200338
       311  0.0000000101168823
       312  0.0000000101138041
       313  0.0000000101107976
       314  0.0000000101078610
       315  0.0000000101049928
       316  0.0000000101021912
       317  0.0000000100994548
       318  0.0000000100967820
       319  0.0000000100941713
       320  0.0000000100916213
