         0  0.1000000000000000
         1  0.0888268352511734
         2  0.0816493498134860
         3  0.0757175991133248
         4  0.0700952083766263
         5  0.0645797825066931
         6  0.0591749036281314
         7  0.0539248987624892
         8  0.0488764481753249
         9  0.0440703658989558
        10  0.0395393768520429
        11  0.0353073554425606
        12  0.0313892765261473
        13  0.0277916973230369
        14  0.0245136393917479
        15  0.0215477332164982
        16  0.0188814913337981
        17  0.0164985937113009
        18  0.0143800958351055
        19  0.0125054994901452
        20  0.0108536537237300
        21  0.0094034760484040
        22  0.0081345004535129
        23  0.0070272693751394
        24  0.0060635923495898
        25  0.0052266958411360
        26  0.0045012879213541
        27  0.0038735591050480
        28  0.0033311375437418
        29  0.0028630134890896
        30  0.0024594447345674
        31  0.0021118520444486
        32  0.0018127110981377
        33  0.0015554456691353
        34  0.0013343251254921
        35  0.0011443682879840
        36  0.0009812547178781
        37  0.0008412439429572
        38  0.0007211026907238
        39  0.0006180398513553
        40  0.0005296487745360
        41  0.0004538563362347
        42  0.0003888782243404
        43  0.0003331797982766
        44  0.0002854419634322
        45  0.0002445314937469
        46  0.0002094752775720
        47  0.0001794380164519
        48  0.0001537029452699
        49  0.0001316551831935
        50  0.0001127673809361
        51  0.0000965873485347
        52  0.0000827274203198
        53  0.0000708552893946
        54  0.0000606861456114
        55  0.0000519759108015
        56  0.0000445154343128
        57  0.0000381255093988
        58  0.0000326525965692
        59  0.0000279651566372
        60  0.0000239505008786
        61  0.0000205120978303
        62  0.0000175672575747
        63  0.0000150451490442
        64  0.0000128851013110
        65  0.0000110351482861
        66  0.0000094507800865
        67  0.0000080938734849
        68  0.0000069317761269
        69  0.0000059365222087
        70  0.0000050841600005
        71  0.0000043541755690
        72  0.0000037289992887
        73  0.0000031935844338
        74  0.0000027350434379
        75  0.0000023423396373
        76  0.0000020060201842
        77  0.0000017179898678
        78  0.0000014713152622
        79  0.0000012600587467
        80  0.0000010791348905
        81  0.0000009241885658
        82  0.0000007914898959
        83  0.0000006778445342
        84  0.0000005805167674
        85  0.0000004971636798
        86  0.0000004257787451
        87  0.0000003646435434
        88  0.0000003122863760
        89  0.0000002674468899
        90  0.0000002290456449
        91  0.0000001961582107
        92  0.0000001679928989
        93  0.0000001438716916
        94  0.0000001232139199
        95  0.0000001055222878
        96  0.0000000903709017
        97  0.0000000773950196
        98  0.0000000662822732
        99  0.0000000567651471
       100  0.0000000486145360
       101  0.0000000416342292
       102  0.0000000356561884
       103  0.0000000305365029
       104  0.0000000261519252
       105  0.0000000223969056
       106  0.0000000191810494
       107  0.0000000164269424
       108  0.0000000140682833
       109  0.0000000120482917
       110  0.0000000103183402
       111  0.0000000088367834
       112  0.0000000075679555
       113  0.0000000064813118
       114  0.0000000055506932
       115  0.0000000047536980
       116  0.0000000040711396
       117  0.0000000034865857
       118  0.0000000029859646
       119  0.0000000025572254
       120  0.0000000021900470
       121  0.0000000018755895
       122  0.0000000016062833
       123  0.0000000013756454
       124  0.0000000011781236
       125  0.0000000010089629
       126  0.0000000008640911
       127  0.0000000007400206
       128  0.0000000006337650
       129  0.0000000005427659
       130  0.0000000004648330
       131  0.0000000003980900
       132  0.0000000003409303
       133  0.0000000002919779
       134  0.0000000002500543
       135  0.0000000002141503
       136  0.0000000001834016
       137  0.0000000001570679
       138  0.0000000001345153
       139  0.0000000001152010
       140  0.0000000000986599
       141  0.0000000000844938
       142  0.0000000000723618
       143  0.0000000000619717
       144  0.0000000000530735
       145  0.0000000000454530
       146  0.0000000000389266
       147  0.0000000000333373
       148  0.0000000000285506
       149  0.0000000000244512
       150  0.0000000000209404
       151  0.0000000000179336
       152  0.0000000000153586
       153  0.0000000000131534
       154  0.0000000000112647
       155  0.0000000000096473
       156  0.0000000000082621
       157  0.0000000000070758
       158  0.0000000000060598
       159  0.0000000000051897
       160  0.0000000000044445
       161  0.0000000000038064
       162  0.0000000000032598
       163  0.0000000000027918
       164  0.0000000000023909
       165  0.0000000000020476
       166  0.0000000000017536
       167  0.0000000000015018
       168  0.0000000000012862
       169  0.0000000000011015
       170  0.0000000000009433
       171  0.0000000000008079
       172  0.0000000000006919
       173  0.0000000000005925
       174  0.0000000000005075
       175  0.0000000000004346
       176  0.0000000000003722
       177  0.0000000000003188
       178  0.0000000000002730
       179  0.0000000000002338
       180  0.0000000000002002
       181  0.0000000000001715
       182  0.0000000000001469
       183  0.0000000000001258
       184  0.0000000000001077
       185  0.0000000000000922
       186  0.0000000000000790
       187  0.0000000000000677
       188  0.0000000000000579
       189  0.0000000000000496
       190  0.0000000000000425
       191  0.0000000000000364
       192  0.0000000000000312
       193  0.0000000000000267
       194  0.0000000000000229
       195  0.0000000000000196
       196  0.0000000000000168
       197  0.0000000000000144
       198  0.0000000000000123
       199  0.0000000000000105
       200  0.0000000000000090
       201  0.0000000000000077
       202  0.0000000000000066
       203  0.0000000000000057
       204  0.0000000000000049
       205  0.0000000000000042
       206  0.0000000000000036
       207  0.0000000000000030
       208  0.0000000000000026
       209  0.0000000000000022
       210  0.0000000000000019
       211  0.0000000000000016
       212  0.0000000000000014
       213  0.0000000000000012
       214  0.0000000000000010
       215  0.0000000000000009
       216  0.0000000000000008
       217  0.0000000000000006
       218  0.0000000000000006
       219  0.0000000000000005
       220  0.0000000000000004
       221  0.0000000000000003
       222  0.0000000000000003
       223  0.0000000000000003
       224  0.0000000000000002
       225  0.0000000000000002
       226  0.0000000000000002
       227  0.0000000000000001
       228  0.0000000000000001
       229  0.0000000000000001
       230  0.0000000000000001
       231  0.0000000000000001
       232  0.0000000000000001
       233  0.0000000000000001
       234  0.0000000000000000
       235  0.0000000000000000
       236  0.0000000000000000
       237  0.0000000000000000
       238  0.0000000000000000
       239  0.0000000000000000
       240  0.0000000000000000
