         0  0.6000000000000000
         1  0.6680365860530523
         2  0.7813682568109406
         3  0.8538888295927705
         4  0.8611170581556071
         5  0.8693467062014700
         6  0.8695164417967703
         7  0.8562615397306103
         8  0.8379144449603049
         9  0.8166061533977237
        10  0.7928078127584158
        11  0.7666439932739033
        12  0.7381882766023486
        13  0.7075420862589025
        14  0.6748615228495981
        15  0.6403674444904989
        16  0.6043469606365754
        17  0.5671483737140838
        18  0.5291703734638388
        19  0.4908464016189761
        20  0.4526255741417423
        21  0.4149519905661103
        22  0.3782444785243549
        23  0.3428787282532629
        24  0.3091733769833541
        25  0.2773809930628591
        26  0.2476842218541443
        27  0.2201967237078622
        28  0.1949680632229458
        29  0.1719914457497649
        30  0.1512131395666928
        31  0.1325425245590763
        32  0.1158619127933064
        33  0.1010355321087407
        34  0.0879173041290748
        35  0.0763572527356810
        36  0.0662065350266101
        37  0.0573211919915649
        38  0.0495647766153678
        39  0.0428100448721611
        40  0.0369398949640716
        41  0.0318477290056979
        42  0.0274373877175041
        43  0.0236227848905515
        44  0.0203273431779068
        45  0.0174833104625751
        46  0.0150310161180855
        47  0.0129181104051070
        48  0.0110988177161913
        49  0.0095332231763314
        50  0.0081866056165483
        51  0.0070288236303342
        52  0.0060337568687475
        53  0.0051788036754530
        54  0.0044444320402428
        55  0.0038137810539293
        56  0.0032723092715943
        57  0.0028074857694798
        58  0.0024085195915324
        59  0.0020661235757844
        60  0.0017723088454762
        61  0.0015202063398789
        62  0.0013039120424042
        63  0.0011183529961452
        64  0.0009591715275463
        65  0.0008226252962069
        66  0.0007055010629931
        67  0.0006050403334244
        68  0.0005188753732134
        69  0.0004449741480916
        70  0.0003815928755652
        71  0.0003272353064774
        72  0.0002806176886101
        73  0.0002406386672509
        74  0.0002063534288159
        75  0.0001769514947270
        76  0.0001517376541043
        77  0.0001301155946863
        78  0.0001115738520191
        79  0.0000956737500741
        80  0.0000820390538959
        81  0.0000703470849510
        82  0.0000603211096685
        83  0.0000517237980154
        84  0.0000443516172377
        85  0.0000380300213982
        86  0.0000326093248912
        87  0.0000279611643368
        88  0.0000239754603164
        89  0.0000205578155107
        90  0.0000176272812486
        91  0.0000151144412438
        92  0.0000129597700363
        93  0.0000111122234585
        94  0.0000095280305101
        95  0.0000081696572846
        96  0.0000070049184353
        97  0.0000060062152830
        98  0.0000051498822438
        99  0.0000044156264895
       100  0.0000037860467309
       101  0.0000032462225007
       102  0.0000027833590357
       103  0.0000023864859485
       104  0.0000020461958721
       105  0.0000017544227084
       106  0.0000015042498662
       107  0.0000012897468623
       108  0.0000011058283194
       109  0.0000009481338884
       110  0.0000008129248908
       111  0.0000006969954657
       112  0.0000005975967679
       113  0.0000005123719264
       114  0.0000004393000325
       115  0.0000003766482592
       116  0.0000003229308402
       117  0.0000002768738358
       118  0.0000002373849355
       119  0.0000002035275688
       120  0.0000001744987001
       121  0.0000001496097918
       122  0.0000001282704802
       123  0.0000001099745812
       124  0.0000000942880842
       125  0.0000000808388636
       126  0.0000000693078662
       127  0.0000000594215215
       128  0.0000000509452784
       129  0.0000000436780328
       130  0.0000000374473531
       131  0.0000000321054059
       132  0.0000000275254317
       133  0.0000000235987562
       134  0.0000000202321981
       135  0.0000000173458661
       136  0.0000000148712655
       137  0.0000000127496679
       138  0.0000000109307216
       139  0.0000000093712562
       140  0.0000000080342590
       141  0.0000000068879954
       142  0.0000000059052583
       143  0.0000000050627215
       144  0.0000000043403852
       145  0.0000000037211017
       146  0.0000000031901701
       147  0.0000000027349866
       148  0.0000000023447459
       149  0.0000000020101816
       150  0.0000000017233522
       151  0.0000000014774468
       152  0.0000000012666269
       153  0.0000000010858875
       154  0.0000000009309361
       155  0.0000000007980945
       156  0.0000000006842072
       157  0.0000000005865706
       158  0.0000000005028657
       159  0.0000000004311049
       160  0.0000000003695839
       161  0.0000000003168417
       162  0.0000000002716256
       163  0.0000000002328619
       164  0.0000000001996297
       165  0.0000000001711399
       166  0.0000000001467156
       167  0.0000000001257769
       168  0.0000000001078263
       169  0.0000000000924373
       170  0.0000000000792446
       171  0.0000000000679346
       172  0.0000000000582387
       173  0.0000000000499265
       174  0.0000000000428006
       175  0.0000000000366918
       176  0.0000000000314547
       177  0.0000000000269652
       178  0.0000000000231163
       179  0.0000000000198169
       180  0.0000000000169883
       181  0.0000000000145634
       182  0.0000000000124847
       183  0.0000000000107026
       184  0.0000000000091749
       185  0.0000000000078652
       186  0.0000000000067425
       187  0.0000000000057801
       188  0.0000000000049550
       189  0.0000000000042477
       190  0.0000000000036413
       191  0.0000000000031215
       192  0.0000000000026759
       193  0.0000000000022939
       194  0.0000000000019665
       195  0.0000000000016857
       196  0.0000000000014451
       197  0.0000000000012388
       198  0.0000000000010619
       199  0.0000000000009103
       200  0.0000000000007804
       201  0.0000000000006690
       202  0.0000000000005735
       203  0.0000000000004916
       204  0.0000000000004214
       205  0.0000000000003612
       206  0.0000000000003097
       207  0.0000000000002655
       208  0.0000000000002276
       209  0.0000000000001951
       210  0.0000000000001672
       211  0.0000000000001433
       212  0.0000000000001229
       213  0.0000000000001053
       214  0.0000000000000903
       215  0.0000000000000774
       216  0.0000000000000664
       217  0.0000000000000569
       218  0.0000000000000488
       219  0.0000000000000418
       220  0.0000000000000358
       221  0.0000000000000307
       222  0.0000000000000263
       223  0.0000000000000226
       224  0.0000000000000193
       225  0.0000000000000166
       226  0.0000000000000142
       227  0.0000000000000122
       228  0.0000000000000104
       229  0.0000000000000090
       230  0.0000000000000077
       231  0.0000000000000066
       232  0.0000000000000056
       233  0.0000000000000048
       234  0.0000000000000041
       235  0.0000000000000036
       236  0.0000000000000030
       237  0.0000000000000026
       238  0.0000000000000022
       239  0.0000000000000019
       240  0.0000000000000016
       241  0.0000000000000014
       242  0.0000000000000012
       243  0.0000000000000010
       244  0.0000000000000009
       245  0.0000000000000008
       246  0.0000000000000007
       247  0.0000000000000006
       248  0.0000000000000005
       249  0.0000000000000004
       250  0.0000000000000004
       251  0.0000000000000003
       252  0.0000000000000003
       253  0.0000000000000002
       254  0.0000000000000002
       255  0.0000000000000002
       256  0.0000000000000001
       257  0.0000000000000001
       258  0.0000000000000001
       259  0.0000000000000001
       260  0.0000000000000001
       261  0.0000000000000001
       262  0.0000000000000001
       263  0.0000000000000000
       264  0.0000000000000000
       265  0.0000000000000000
       266  0.0000000000000000
       267  0.0000000000000000
       268  0.0000000000000000
       269  0.0000000000000000
       270  0.0000000000000000
       271  0.0000000000000000
       272  0.0000000000000000
       273  0.0000000000000000
       274  0.0000000000000000
       275  0.0000000000000000
       276  0.0000000000000000
       277  0.0000000000000000
       278  0.0000000000000000
       279  0.0000000000000000
       280  0.0000000000000000
       281  0.0000000000000000
       282  0.0000000000000000
       283  0.0000000000000000
       284  0.0000000000000000
       285  0.0000000000000000
       286  0.0000000000000000
       287  0.0000000000000000
       288  0.0000000000000000
       289  0.0000000000000000
       290  0.0000000000000000
       291  0.0000000000000000
       292  0.0000000000000000
       293  0.0000000000000000
       294  0.0000000000000000
       295  0.0000000000000000
       296  0.0000000000000000
       297  0.0000000000000000
       298  0.0000000000000000
       299  0.0000000000000000
       300  0.0000000000000000
       301  0.0000000000000000
       302  0.0000000000000000
       303  0.0000000000000000
       304  0.0000000000000000
       305  0.0000000000000000
       306  0.0000000000000000
       307  0.0000000000000000
       308  0.0000000000000000
       309  0.0000000000000000
       310  0.0000000000000000
       311  0.0000000000000000
       312  0.0000000000000000
       313  0.0000000000000000
       314  0.0000000000000000
       315  0.0000000000000000
       316  0.0000000000000000
       317  0.0000000000000000
       318  0.0000000000000000
       319  0.0000000000000000
       320  0.0000000000000000
