         0  0.6000000000000000
         1  0.4435277386807924
         2  0.2976262005745225
         3  0.1846606076617480
         4  0.1090282213003561
         5  0.0631707438866080
         6  0.0370535187425724
         7  0.0228235848984713
         8  0.0155200754440974
         9  0.0124202891118584
        10  0.0122453153181508
        11  0.0143263091884683
        12  0.0177587241920248
        13  0.0212555495980230
        14  0.0223763242370076
        15  0.0136683441659312
        16  0.0045832629850825
        17  0.0013368361469797
        18  0.0003799786987059
        19  0.0001072069505580
        20  0.0000301663185044
        21  0.0000084792957138
        22  0.0000023823561161
        23  0.0000006692269940
        24  0.0000001879776683
        25  0.0000000527988646
        26  0.0000000148298472
        27  0.0000000041652983
        28  0.0000000011699153
        29  0.0000000003285960
        30  0.0000000000922932
        31  0.0000000000259225
        32  0.0000000000072809
        33  0.0000000000020450
        34  0.0000000000005744
        35  0.0000000000001613
        36  0.0000000000000453
        37  0.0000000000000127
        38  0.0000000000000036
        39  0.0000000000000010
        40  0.0000000000000003
        41  0.0000000000000001
        42  0.0000000000000000
        43  0.0000000000000000
        44  0.0000000000000000
        45  0.0000000000000000
        46  0.0000000000000000
        47  0.0000000000000000
        48  0.0000000000000000
        49  0.0000000000000000
        50  0.0000000000000000
        51  0.0000000000000000
        52  0.0000000000000000
        53  0.0000000000000000
        54  0.0000000000000000
        55  0.0000000000000000
        56  0.0000000000000000
        57  0.0000000000000000
        58  0.0000000000000000
        59  0.0000000000000000
        60  0.0000000000000000
