         0  0.3000000000000000
         1  0.3060578499180593
         2  0.3081997782270740
         3  0.3047483779750941
         4  0.2943591540810124
         5  0.2769125050377851
         6  0.2542526491432300
         7  0.2293783153627184
         8  0.2049244615998843
         9  0.1824937887953159
        10  0.1627692919829405
        11  0.1458345965083225
        12  0.1314472810665566
        13  0.1192224952263389
        14  0.1087432330531327
        15  0.0996206462726146
        16  0.0915230868917519
        17  0.0841865276386991
        18  0.0774141695467613
        19  0.0710698762788700
        20  0.0650682911759623
        21  0.0593635712368778
        22  0.0539381545044737
        23  0.0487925836725755
        24  0.0439370289547560
        25  0.0393847970007349
        26  0.0351478137212717
        27  0.0312338615517885
        28  0.0276452381639605
        29  0.0243784700304127
        30  0.0214247361300263
        31  0.0187707095230480
        32  0.0163995902722408
        33  0.0142921677024226
        34  0.0124278069982053
        35  0.0107853008868333
        36  0.0093435611464530
        37  0.0080821480283270
        38  0.0069816500390537
        39  0.0060239343866732
        40  0.0051922910791817
        41  0.0044714936524118
        42  0.0038477972674580
        43  0.0033088920852234
        44  0.0028438265773291
        45  0.0024429123074202
        46  0.0020976190732697
        47  0.0018004668205269
        48  0.0015449189106086
        49  0.0013252799292649
        50  0.0011365997865465
        51  0.0009745854129456
        52  0.0008355202917657
        53  0.0007161920715171
        54  0.0006138278532083
        55  0.0005260367977421
        56  0.0004507594897311
        57  0.0003862234696838
        58  0.0003309043413262
        59  0.0002834918441190
        60  0.0002428603637222
        61  0.0002080433501021
        62  0.0001782111440337
        63  0.0001526518328347
        64  0.0001307546987117
        65  0.0001119959741497
        66  0.0000959265459180
        67  0.0000821613820803
        68  0.0000703704405544
        69  0.0000602708512548
        70  0.0000516202005884
        71  0.0000442107649862
        72  0.0000378645611035
        73  0.0000324290984342
        74  0.0000277737356034
        75  0.0000237865554488
        76  0.0000203716855256
        77  0.0000174470009511
        78  0.0000149421553692
        79  0.0000127968932657
        80  0.0000109596037973
        81  0.0000093860810901
        82  0.0000080384630279
        83  0.0000068843209443
        84  0.0000058958803517
        85  0.0000050493532572
        86  0.0000043243661436
        87  0.0000037034698882
        88  0.0000031717204390
        89  0.0000027163187034
        90  0.0000023263032964
        91  0.0000019922864300
        92  0.0000017062280004
        93  0.0000014612422036
        94  0.0000012514319419
        95  0.0000010717467547
        96  0.0000009178612412
        97  0.0000007860710592
        98  0.0000006732037576
        99  0.0000005765423286
       100  0.0000004937599048
       101  0.0000004228637023
       102  0.0000003621470528
       103  0.0000003101483574
       104  0.0000002656158359
       105  0.0000002274775023
       106  0.0000001948152404
       107  0.0000001668427612
       108  0.0000001428866931
       109  0.0000001223703512
       110  0.0000001047998410
       111  0.0000000897521857
       112  0.0000000768651424
       113  0.0000000658284807
       114  0.0000000563765143
       115  0.0000000482817054
       116  0.0000000413491872
       117  0.0000000354120727
       118  0.0000000303274373
       119  0.0000000259728781
       120  0.0000000222435686
       121  0.0000000190497302
       122  0.0000000163144784
       123  0.0000000139719671
       124  0.0000000119658049
       125  0.0000000102476969
       126  0.0000000087762833
       127  0.0000000075161424
       128  0.0000000064369384
       129  0.0000000055126918
       130  0.0000000047211530
       131  0.0000000040432671
       132  0.0000000034627152
       133  0.0000000029655217
       134  0.0000000025397179
       135  0.0000000021750530
       136  0.0000000018627484
       137  0.0000000015952861
       138  0.0000000013662272
       139  0.0000000011700576
       140  0.0000000010020550
       141  0.0000000008581752
       142  0.0000000007349543
       143  0.0000000006294259
       144  0.0000000005390499
       145  0.0000000004616506
       146  0.0000000003953645
       147  0.0000000003385962
       148  0.0000000002899789
       149  0.0000000002483424
       150  0.0000000002126841
       151  0.0000000001821459
       152  0.0000000001559925
       153  0.0000000001335944
       154  0.0000000001144123
       155  0.0000000000979844
       156  0.0000000000839153
       157  0.0000000000718663
       158  0.0000000000615474
       159  0.0000000000527102
       160  0.0000000000451418
       161  0.0000000000386601
       162  0.0000000000331091
       163  0.0000000000283551
       164  0.0000000000242838
       165  0.0000000000207970
       166  0.0000000000178109
       167  0.0000000000152535
       168  0.0000000000130633
       169  0.0000000000111876
       170  0.0000000000095813
       171  0.0000000000082055
       172  0.0000000000070273
       173  0.0000000000060183
       174  0.0000000000051542
       175  0.0000000000044141
       176  0.0000000000037803
       177  0.0000000000032375
       178  0.0000000000027727
       179  0.0000000000023745
       180  0.0000000000020336
       181  0.0000000000017416
       182  0.0000000000014915
       183  0.0000000000012774
       184  0.0000000000010940
       185  0.0000000000009369
       186  0.0000000000008024
       187  0.0000000000006872
       188  0.0000000000005885
       189  0.0000000000005040
       190  0.0000000000004316
       191  0.0000000000003697
       192  0.0000000000003166
       193  0.0000000000002711
       194  0.0000000000002322
       195  0.0000000000001989
       196  0.0000000000001703
       197  0.0000000000001458
       198  0.0000000000001249
       199  0.0000000000001070
       200  0.0000000000000916
       201  0.0000000000000785
       202  0.0000000000000672
       203  0.0000000000000575
       204  0.0000000000000493
       205  0.0000000000000422
       206  0.0000000000000361
       207  0.0000000000000310
       208  0.0000000000000265
       209  0.0000000000000227
       210  0.0000000000000194
       211  0.0000000000000167
       212  0.0000000000000143
       213  0.0000000000000122
       214  0.0000000000000105
       215  0.0000000000000090
       216  0.0000000000000077
       217  0.0000000000000066
       218  0.0000000000000056
       219  0.0000000000000048
       220  0.0000000000000041
       221  0.0000000000000035
       222  0.0000000000000030
       223  0.0000000000000026
       224  0.0000000000000022
       225  0.0000000000000019
       226  0.0000000000000016
       227  0.0000000000000014
       228  0.0000000000000012
       229  0.0000000000000010
       230  0.0000000000000009
       231  0.0000000000000008
       232  0.0000000000000006
       233  0.0000000000000006
       234  0.0000000000000005
       235  0.0000000000000004
       236  0.0000000000000003
       237  0.0000000000000003
       238  0.0000000000000003
       239  0.0000000000000002
       240  0.0000000000000002
       241  0.0000000000000002
       242  0.0000000000000001
       243  0.0000000000000001
       244  0.0000000000000001
       245  0.0000000000000001
       246  0.0000000000000001
       247  0.0000000000000001
       248  0.0000000000000001
       249  0.0000000000000000
       250  0.0000000000000000
       251  0.0000000000000000
       252  0.0000000000000000
       253  0.0000000000000000
       254  0.0000000000000000
       255  0.0000000000000000
       256  0.0000000000000000
       257  0.0000000000000000
       258  0.0000000000000000
       259  0.0000000000000000
       260  0.0000000000000000
       261  0.0000000000000000
       262  0.0000000000000000
       263  0.0000000000000000
       264  0.0000000000000000
       265  0.0000000000000000
       266  0.0000000000000000
       267  0.0000000000000000
       268  0.0000000000000000
       269  0.0000000000000000
       270  0.0000000000000000
       271  0.0000000000000000
       272  0.0000000000000000
       273  0.0000000000000000
       274  0.0000000000000000
       275  0.0000000000000000
       276  0.0000000000000000
       277  0.0000000000000000
       278  0.0000000000000000
       279  0.0000000000000000
       280  0.0000000000000000
       281  0.0000000000000000
       282  0.0000000000000000
       283  0.0000000000000000
       284  0.0000000000000000
       285  0.0000000000000000
       286  0.0000000000000000
       287  0.0000000000000000
       288  0.0000000000000000
       289  0.0000000000000000
       290  0.0000000000000000
       291  0.0000000000000000
       292  0.0000000000000000
       293  0.0000000000000000
       294  0.0000000000000000
       295  0.0000000000000000
       296  0.0000000000000000
       297  0.0000000000000000
       298  0.0000000000000000
       299  0.0000000000000000
       300  0.0000000000000000
       301  0.0000000000000000
       302  0.0000000000000000
       303  0.0000000000000000
       304  0.0000000000000000
       305  0.0000000000000000
       306  0.0000000000000000
       307  0.0000000000000000
       308  0.0000000000000000
       309  0.0000000000000000
       310  0.0000000000000000
       311  0.0000000000000000
       312  0.0000000000000000
       313  0.0000000000000000
       314  0.0000000000000000
       315  0.0000000000000000
       316  0.0000000000000000
       317  0.0000000000000000
       318  0.0000000000000000
       319  0.0000000000000000
       320  0.0000000000000000
