         0  0.6000000000000000
         1  0.5649690540713849
         2  0.5353178263051153
         3  0.5228752886216067
         4  0.5375435159690006
         5  0.5271672133237678
         6  0.5460160585301264
         7  0.5812167127106076
         8  0.6132532057888351
         9  0.6401289267948821
        10  0.6622147907674542
        11  0.6804253961502240
        12  0.6958373983656021
        13  0.7093866038757837
        14  0.7217340519332583
        15  0.7332871108906845
        16  0.7442769840996389
        17  0.7548290297823548
        18  0.7650096746908650
        19  0.7748538510022741
        20  0.7843800851028840
        21  0.7935985649426843
        22  0.8025154011070282
        23  0.8111348644154341
        24  0.8194605535067846
        25  0.8274959954820141
        26  0.8352449444827605
        27  0.8427115182799665
        28  0.8499002475462774
        29  0.8568160780426751
        30  0.8634643476656723
        31  0.8698507505013605
        32  0.8759812946998163
        33  0.8818622580636143
        34  0.8875001435998376
        35  0.8929016363478471
        36  0.8980735622546246
        37  0.9030228495374216
        38  0.9077564927740721
        39  0.9122815198287459
        40  0.9166049616403941
        41  0.9207338248396160
        42  0.9246750671206285
        43  0.9284355752677161
        44  0.9320221457167749
        45  0.9354414675150087
        46  0.9387001075394495
        47  0.9418044978238652
        48  0.9447609248507128
        49  0.9475755206521567
        50  0.9502542555684816
        51  0.9528029325596995
        52  0.9552271828514580
        53  0.9575324628919299
        54  0.9597240523815980
        55  0.9618070533622789
        56  0.9637863901703435
        57  0.9656668101862602
        58  0.9674528852968078
        59  0.9691490139399921
        60  0.9707594237113273
        61  0.9722881744001654
        62  0.9737391613466349
        63  0.9751161192205221
        64  0.9764226260079167
        65  0.9776621072016670
        66  0.9788378401252383
        67  0.9799529584252983
        68  0.9810104566584247
        69  0.9820131948730312
        70  0.9829639032501565
        71  0.9838651867334762
        72  0.9847195296345523
        73  0.9855293001951856
        74  0.9862967550861483
        75  0.9870240438538631
        76  0.9877132132059959
        77  0.9883662113178933
        78  0.9889848919748694
        79  0.9895710185994860
        80  0.9901262681166905
        81  0.9906522348441429
        82  0.9911504341132010
        83  0.9916223058564830
        84  0.9920692180383136
        85  0.9924924699688151
        86  0.9928932954969292
        87  0.9932728660792470
        88  0.9936322937336225
        89  0.9939726338684084
        90  0.9942948880020335
        91  0.9946000063659626
        92  0.9948888904063713
        93  0.9951623951492314
        94  0.9954213315189083
        95  0.9956664684834674
        96  0.9958985351561309
        97  0.9961182227774481
        98  0.9963261866318648
        99  0.9965230478472237
       100  0.9967093950986784
       101  0.9968857862744698
       102  0.9970527500509991
       103  0.9972107873785258
       104  0.9973603728566316
       105  0.9975019561654782
       106  0.9976359632869123
       107  0.9977627977326211
       108  0.9978828417588598
       109  0.9979964573664488
       110  0.9981039874875057
       111  0.9982057568250911
       112  0.9983020729547297
       113  0.9983932270841159
       114  0.9984794950141779
       115  0.9985611378775054
       116  0.9986384029373145
       117  0.9987115243257987
       118  0.9987807236840571
       119  0.9988462108870610
       120  0.9989081846294843
       121  0.9989668330051770
       122  0.9990223340855224
       123  0.9990748564442615
       124  0.9991245596584166
       125  0.9991715947889731
       126  0.9992161048263571
       127  0.9992582251269225
       128  0.9992980838025998
       129  0.9993358021312689
       130  0.9993714948932040
       131  0.9994052707317452
       132  0.9994372324834748
       133  0.9994674774706054
       134  0.9994960978127420
       135  0.9995231806893123
       136  0.9995488086235554
       137  0.9995730596995395
       138  0.9995960078346651
       139  0.9996177229735433
       140  0.9996382713142872
       141  0.9996577155170314
       142  0.9996761148567727
       143  0.9996935254519645
       144  0.9997100004040828
       145  0.9997255899660563
       146  0.9997403416947259
       147  0.9997543005951798
       148  0.9997675092573937
       149  0.9997800079855840
       150  0.9997918349206590
       151  0.9998030261561336
       152  0.9998136158478529
       153  0.9998236363178562
       154  0.9998331181526887
       155  0.9998420902964588
       156  0.9998505801389177
       157  0.9998586135988298
       158  0.9998662152028798
       159  0.9998734081593431
       160  0.9998802144326471
       161  0.9998866548050691
       162  0.9998927489425473
       163  0.9998985154548382
       164  0.9999039719518051
       165  0.9999091350971668
       166  0.9999140206592804
       167  0.9999186435592002
       168  0.9999230179161762
       169  0.9999271570907284
       170  0.9999310737253861
       171  0.9999347797832521
       172  0.9999382865845923
       173  0.9999416048408665
       174  0.9999447446885842
       175  0.9999477157184813
       176  0.9999505270067020
       177  0.9999531871411540
       178  0.9999557042477987
       179  0.9999580860167628
       180  0.9999603397234342
       181  0.9999624722536157
       182  0.9999644901216183
       183  0.9999663994926293
       184  0.9999682061996548
       185  0.9999699157625157
       186  0.9999715334045017
       187  0.9999730640674520
       188  0.9999745124277809
       189  0.9999758829108522
       190  0.9999771797040993
       191  0.9999784067692926
       192  0.9999795678554033
       193  0.9999806665101362
       194  0.9999817060904017
       195  0.9999826897724200
       196  0.9999836205617364
       197  0.9999845013023052
       198  0.9999853346851755
       199  0.9999861232566093
       200  0.9999868694262209
       201  0.9999875754738902
       202  0.9999882435569228
       203  0.9999888757166704
       204  0.9999894738846690
       205  0.9999900398886868
       206  0.9999905754581587
       207  0.9999910822295521
       208  0.9999915617513313
       209  0.9999920154887245
       210  0.9999924448281468
       211  0.9999928510815623
       212  0.9999932354901245
       213  0.9999935992286526
       214  0.9999939434084402
       215  0.9999942690812859
       216  0.9999945772422127
       217  0.9999948688329542
       218  0.9999951447444034
       219  0.9999954058197378
       220  0.9999956528566799
       221  0.9999958866100718
       222  0.9999961077941764
       223  0.9999963170848578
       224  0.9999965151216449
       225  0.9999967025096835
       226  0.9999968798215841
       227  0.9999970475991578
       228  0.9999972063550422
       229  0.9999973565743608
       230  0.9999974987161366
       231  0.9999976332147101
       232  0.9999977604810674
       233  0.9999978809040951
       234  0.9999979948517693
       235  0.9999981026722796
       236  0.9999982046950928
       237  0.9999983012319603
       238  0.9999983925778945
       239  0.9999984790119365
       240  0.9999985607982808
       241  0.9999986381868463
       242  0.9999987114140881
       243  0.9999987807037700
       244  0.9999988462676229
       245  0.9999989083059823
       246  0.9999989670084285
       247  0.9999990225543379
       248  0.9999990751134370
       249  0.9999991248463419
       250  0.9999991719050259
       251  0.9999992164332531
       252  0.9999992585671265
       253  0.9999992984353856
       254  0.9999993361598487
       255  0.9999993718557999
       256  0.9999994056323128
       257  0.9999994375925992
       258  0.9999994678343210
       259  0.9999994964498914
       260  0.9999995235267468
       261  0.9999995491476285
       262  0.9999995733908265
       263  0.9999995963304215
       264  0.9999996180365105
       265  0.9999996385754214
       266  0.9999996580099157
       267  0.9999996763993799
       268  0.9999996938000074
       269  0.9999997102649759
       270  0.9999997258445875
       271  0.9999997405864518
       272  0.9999997545356165
       273  0.9999997677347072
       274  0.9999997802240578
       275  0.9999997920418332
       276  0.9999998032241463
       277  0.9999998138051660
       278  0.9999998238172240
       279  0.9999998332909085
       280  0.9999998422551778
       281  0.9999998507374219
       282  0.9999998587635592
       283  0.9999998663581159
       284  0.9999998735442993
       285  0.9999998803440672
       286  0.9999998867781975
       287  0.9999998928663529
       288  0.9999998986271372
       289  0.9999999040781522
       290  0.9999999092360551
       291  0.9999999141166088
       292  0.9999999187347249
       293  0.9999999231045160
       294  0.9999999272393350
       295  0.9999999311518168
       296  0.9999999348539170
       297  0.9999999383569482
       298  0.9999999416716147
       299  0.9999999448080451
       300  0.9999999477758236
       301  0.9999999505840189
       302  0.9999999532412146
       303  0.9999999557555251
       304  0.9999999581346344
       305  0.9999999603858160
       306  0.9999999625159492
       307  0.9999999645315398
       308  0.9999999664387463
       309  0.9999999682433992
       310  0.9999999699510146
       311  0.9999999715668074
       312  0.9999999730957145
       313  0.9999999745424092
       314  0.9999999759113141
       315  0.9999999772066103
       316  0.9999999784322545
       317  0.9999999795919932
       318  0.9999999806893717
       319  0.9999999817277412
       320  0.9999999827102760
       321  0.9999999836399780
       322  0.9999999845196881
       323  0.9999999853520946
       324  0.9999999861397408
       325  0.9999999868850340
       326  0.9999999875902511
       327  0.9999999882575474
       328  0.9999999888889619
       329  0.9999999894864240
       330  0.9999999900517594
       331  0.9999999905866956
       332  0.9999999910928673
       333  0.9999999915718211
       334  0.9999999920250209
       335  0.9999999924538506
       336  0.9999999928596219
       337  0.9999999932435742
       338  0.9999999936068802
       339  0.9999999939506504
       340  0.9999999942759358
       341  0.9999999945837300
       342  0.9999999948749734
       343  0.9999999951505557
       344  0.9999999954113198
       345  0.9999999956580622
       346  0.9999999958915367
       347  0.9999999961124566
       348  0.9999999963214977
       349  0.9999999965192979
       350  0.9999999967064617
       351  0.9999999968835621
       352  0.9999999970511386
       353  0.9999999972097049
       354  0.9999999973597444
       355  0.9999999975017159
       356  0.9999999976360539
       357  0.9999999977631674
       358  0.9999999978834464
       359  0.9999999979972577
       360  0.9999999981049488
       361  0.9999999982068494
       362  0.9999999983032706
       363  0.9999999983945069
       364  0.9999999984808374
       365  0.9999999985625257
       366  0.9999999986398216
       367  0.9999999987129611
       368  0.9999999987821676
       369  0.9999999988476528
       370  0.9999999989096168
       371  0.9999999989682488
       372  0.9999999990237280
       373  0.9999999990762242
       374  0.9999999991258973
       375  0.9999999991728995
       376  0.9999999992173743
       377  0.9999999992594577
       378  0.9999999992992781
       379  0.9999999993369573
       380  0.9999999993726104
       381  0.9999999994063462
       382  0.9999999994382682
       383  0.9999999994684736
       384  0.9999999994970548
       385  0.9999999995240991
       386  0.9999999995496893
       387  0.9999999995739033
       388  0.9999999995968154
       389  0.9999999996184954
       390  0.9999999996390097
       391  0.9999999996584209
       392  0.9999999996767882
       393  0.9999999996941680
       394  0.9999999997106130
       395  0.9999999997261740
       396  0.9999999997408981
       397  0.9999999997548306
       398  0.9999999997680138
       399  0.9999999997804881
       400  0.9999999997922917
       401  0.9999999998034605
       402  0.9999999998140289
       403  0.9999999998240289
       404  0.9999999998334912
       405  0.9999999998424447
       406  0.9999999998509168
       407  0.9999999998589333
       408  0.9999999998665187
       409  0.9999999998736963
       410  0.9999999998804878
       411  0.9999999998869142
       412  0.9999999998929950
       413  0.9999999998987490
       414  0.9999999999041934
       415  0.9999999999093452
       416  0.9999999999142198
       417  0.9999999999188324
       418  0.9999999999231969
       419  0.9999999999273268
       420  0.9999999999312346
       421  0.9999999999349322
       422  0.9999999999384310
       423  0.9999999999417417
       424  0.9999999999448743
       425  0.9999999999478386
       426  0.9999999999506434
       427  0.9999999999532974
       428  0.9999999999558087
       429  0.9999999999581849
       430  0.9999999999604334
       431  0.9999999999625609
       432  0.9999999999645742
       433  0.9999999999664790
       434  0.9999999999682816
       435  0.9999999999699871
       436  0.9999999999716009
       437  0.9999999999731281
       438  0.9999999999745730
       439  0.9999999999759402
       440  0.9999999999772340
       441  0.9999999999784581
       442  0.9999999999796165
       443  0.9999999999807125
       444  0.9999999999817497
       445  0.9999999999827310
       446  0.9999999999836596
       447  0.9999999999845383
       448  0.9999999999853697
       449  0.9999999999861564
       450  0.9999999999869008
       451  0.9999999999876051
       452  0.9999999999882716
       453  0.9999999999889023
       454  0.9999999999894991
       455  0.9999999999900637
       456  0.9999999999905980
       457  0.9999999999911036
       458  0.9999999999915820
       459  0.9999999999920346
       460  0.9999999999924629
       461  0.9999999999928681
       462  0.9999999999932517
       463  0.9999999999936146
       464  0.9999999999939579
       465  0.9999999999942828
       466  0.9999999999945902
       467  0.9999999999948811
       468  0.9999999999951564
       469  0.9999999999954169
       470  0.9999999999956632
       471  0.9999999999958965
       472  0.9999999999961171
       473  0.9999999999963259
       474  0.9999999999965234
       475  0.9999999999967104
       476  0.9999999999968873
       477  0.9999999999970547
       478  0.9999999999972130
       479  0.9999999999973629
       480  0.9999999999975047
       481  0.9999999999976389
       482  0.9999999999977659
       483  0.9999999999978860
       484  0.9999999999979997
       485  0.9999999999981072
       486  0.9999999999982090
       487  0.9999999999983054
       488  0.9999999999983964
       489  0.9999999999984827
       490  0.9999999999985643
       491  0.9999999999986414
       492  0.9999999999987145
       493  0.9999999999987836
       494  0.9999999999988490
       495  0.9999999999989110
       496  0.9999999999989695
       497  0.9999999999990249
       498  0.9999999999990773
       499  0.9999999999991269
       500  0.9999999999991739
       501  0.9999999999992183
       502  0.9999999999992604
       503  0.9999999999993001
       504  0.9999999999993378
       505  0.9999999999993734
       506  0.9999999999994070
       507  0.9999999999994389
       508  0.9999999999994691
       509  0.9999999999994976
       510  0.9999999999995247
       511  0.9999999999995502
       512  0.9999999999995745
       513  0.9999999999995973
       514  0.9999999999996190
       515  0.9999999999996394
       516  0.9999999999996588
       517  0.9999999999996771
       518  0.9999999999996946
       519  0.9999999999997110
       520  0.9999999999997266
       521  0.9999999999997412
       522  0.9999999999997551
       523  0.9999999999997683
       524  0.9999999999997807
       525  0.9999999999997925
       526  0.9999999999998037
       527  0.9999999999998143
       528  0.9999999999998243
       529  0.9999999999998337
       530  0.9999999999998427
       531  0.9999999999998511
       532  0.9999999999998591
       533  0.9999999999998667
       534  0.9999999999998739
       535  0.9999999999998807
       536  0.9999999999998871
       537  0.9999999999998931
       538  0.9999999999998989
       539  0.9999999999999043
       540  0.9999999999999094
       541  0.9999999999999143
       542  0.9999999999999190
       543  0.9999999999999233
       544  0.9999999999999274
       545  0.9999999999999313
       546  0.9999999999999351
       547  0.9999999999999385
       548  0.9999999999999418
       549  0.9999999999999449
       550  0.9999999999999479
       551  0.9999999999999507
       552  0.9999999999999534
       553  0.9999999999999558
       554  0.9999999999999583
       555  0.9999999999999605
       556  0.9999999999999626
       557  0.9999999999999646
       558  0.9999999999999665
       559  0.9999999999999684
       560  0.9999999999999700
       561  0.9999999999999717
       562  0.9999999999999731
       563  0.9999999999999746
       564  0.9999999999999760
       565  0.9999999999999772
       566  0.9999999999999785
       567  0.9999999999999797
       568  0.9999999999999807
       569  0.9999999999999818
       570  0.9999999999999828
       571  0.9999999999999837
       572  0.9999999999999846
       573  0.9999999999999853
       574  0.9999999999999861
       575  0.9999999999999869
       576  0.9999999999999876
       577  0.9999999999999882
       578  0.9999999999999889
       579  0.9999999999999896
       580  0.9999999999999901
       581  0.9999999999999906
       582  0.9999999999999911
       583  0.9999999999999916
       584  0.9999999999999920
       585  0.9999999999999925
       586  0.9999999999999929
       587  0.9999999999999932
       588  0.9999999999999937
       589  0.9999999999999940
       590  0.9999999999999943
       591  0.9999999999999946
       592  0.9999999999999949
       593  0.9999999999999951
       594  0.9999999999999954
       595  0.9999999999999957
       596  0.9999999999999959
       597  0.9999999999999961
       598  0.9999999999999963
       599  0.9999999999999966
       600  0.9999999999999967
       601  0.9999999999999969
       602  0.9999999999999971
       603  0.9999999999999972
       604  0.9999999999999973
       605  0.9999999999999976
       606  0.9999999999999977
       607  0.9999999999999978
       608  0.9999999999999979
       609  0.9999999999999980
       610  0.9999999999999981
       611  0.9999999999999982
       612  0.9999999999999983
       613  0.9999999999999984
       614  0.9999999999999984
       615  0.9999999999999986
       616  0.9999999999999987
       617  0.9999999999999987
       618  0.9999999999999988
       619  0.9999999999999989
       620  0.9999999999999989
       621  0.9999999999999990
       622  0.9999999999999990
       623  0.9999999999999991
       624  0.9999999999999991
       625  0.9999999999999992
       626  0.9999999999999992
       627  0.9999999999999992
       628  0.9999999999999993
       629  0.9999999999999993
       630  0.9999999999999993
       631  0.9999999999999994
       632  0.9999999999999994
       633  0.9999999999999994
       634  0.9999999999999994
       635  0.9999999999999996
       636  0.9999999999999996
       637  0.9999999999999996
       638  0.9999999999999996
       639  0.9999999999999997
       640  0.9999999999999997
       641  0.9999999999999997
       642  0.9999999999999997
       643  0.9999999999999997
       644  0.9999999999999997
       645  0.9999999999999998
       646  0.9999999999999998
       647  0.9999999999999998
       648  0.9999999999999998
       649  0.9999999999999998
       650  0.9999999999999998
       651  0.9999999999999998
       652  0.9999999999999998
       653  0.9999999999999998
       654  0.9999999999999999
       655  0.9999999999999999
       656  0.9999999999999999
       657  0.9999999999999999
       658  0.9999999999999999
       659  0.9999999999999999
       660  0.9999999999999999
       661  0.9999999999999999
       662  0.9999999999999999
       663  0.9999999999999999
       664  0.9999999999999999
       665  0.9999999999999999
       666  0.9999999999999999
       667  0.9999999999999999
       668  0.9999999999999999
       669  0.9999999999999999
       670  0.9999999999999999
       671  0.9999999999999999
       672  0.9999999999999999
       673  0.9999999999999999
       674  1.0000000000000000
       675  1.0000000000000000
       676  1.0000000000000000
       677  1.0000000000000000
       678  1.0000000000000000
       679  1.0000000000000000
       680  1.0000000000000000
       681  1.0000000000000000
       682  1.0000000000000000
       683  1.0000000000000000
       684  1.0000000000000000
       685  1.0000000000000000
       686  1.0000000000000000
       687  1.0000000000000000
       688  1.0000000000000000
       689  1.0000000000000000
       690  1.0000000000000000
       691  1.0000000000000000
       692  1.0000000000000000
       693  1.0000000000000000
       694  1.0000000000000000
       695  1.0000000000000000
       696  1.0000000000000000
       697  1.0000000000000000
       698  1.0000000000000000
       699  1.0000000000000000
       700  1.0000000000000000
       701  1.0000000000000000
       702  1.0000000000000000
       703  1.0000000000000000
       704  1.0000000000000000
       705  1.0000000000000000
       706  1.0000000000000000
       707  1.0000000000000000
       708  1.0000000000000000
       709  1.0000000000000000
       710  1.0000000000000000
       711  1.0000000000000000
       712  1.0000000000000000
       713  1.0000000000000000
       714  1.0000000000000000
       715  1.0000000000000000
       716  1.0000000000000000
       717  1.0000000000000000
       718  1.0000000000000000
       719  1.0000000000000000
       720  1.0000000000000000
       721  1.0000000000000000
       722  1.0000000000000000
       723  1.0000000000000000
       724  1.0000000000000000
       725  1.0000000000000000
       726  1.0000000000000000
       727  1.0000000000000000
       728  1.0000000000000000
       729  1.0000000000000000
       730  1.0000000000000000
       731  1.0000000000000000
       732  1.0000000000000000
       733  1.0000000000000000
       734  1.0000000000000000
       735  1.0000000000000000
       736  1.0000000000000000
       737  1.0000000000000000
       738  1.0000000000000000
       739  1.0000000000000000
       740  1.0000000000000000
       741  1.0000000000000000
       742  1.0000000000000000
       743  1.0000000000000000
       744  1.0000000000000000
       745  1.0000000000000000
       746  1.0000000000000000
       747  1.0000000000000000
       748  1.0000000000000000
       749  1.0000000000000000
       750  1.0000000000000000
       751  1.0000000000000000
       752  1.0000000000000000
       753  1.0000000000000000
       754  1.0000000000000000
       755  1.0000000000000000
       756  1.0000000000000000
       757  1.0000000000000000
       758  1.0000000000000000
       759  1.0000000000000000
       760  1.0000000000000000
       761  1.0000000000000000
       762  1.0000000000000000
       763  1.0000000000000000
       764  1.0000000000000000
       765  1.0000000000000000
       766  1.0000000000000000
       767  1.0000000000000000
       768  1.0000000000000000
       769  1.0000000000000000
       770  1.0000000000000000
       771  1.0000000000000000
       772  1.0000000000000000
       773  1.0000000000000000
       774  1.0000000000000000
       775  1.0000000000000000
       776  1.0000000000000000
       777  1.0000000000000000
       778  1.0000000000000000
       779  1.0000000000000000
       780  1.0000000000000000
       781  1.0000000000000000
       782  1.0000000000000000
       783  1.0000000000000000
       784  1.0000000000000000
       785  1.0000000000000000
       786  1.0000000000000000
       787  1.0000000000000000
       788  1.0000000000000000
       789  1.0000000000000000
       790  1.0000000000000000
       791  1.0000000000000000
       792  1.0000000000000000
       793  1.0000000000000000
       794  1.0000000000000000
       795  1.0000000000000000
       796  1.0000000000000000
       797  1.0000000000000000
       798  1.0000000000000000
       799  1.0000000000000000
       800  1.0000000000000000
       801  1.0000000000000000
       802  1.0000000000000000
       803  1.0000000000000000
       804  1.0000000000000000
       805  1.0000000000000000
       806  1.0000000000000000
       807  1.0000000000000000
       808  1.0000000000000000
       809  1.0000000000000000
       810  1.0000000000000000
       811  1.0000000000000000
       812  1.0000000000000000
       813  1.0000000000000000
       814  1.0000000000000000
       815  1.0000000000000000
       816  1.0000000000000000
       817  1.0000000000000000
       818  1.0000000000000000
       819  1.0000000000000000
       820  1.0000000000000000
       821  1.0000000000000000
       822  1.0000000000000000
       823  1.0000000000000000
       824  1.0000000000000000
       825  1.0000000000000000
       826  1.0000000000000000
       827  1.0000000000000000
       828  1.0000000000000000
       829  1.0000000000000000
       830  1.0000000000000000
       831  1.0000000000000000
       832  1.0000000000000000
       833  1.0000000000000000
       834  1.0000000000000000
       835  1.0000000000000000
       836  1.0000000000000000
       837  1.0000000000000000
       838  1.0000000000000000
       839  1.0000000000000000
       840  1.0000000000000000
       841  1.0000000000000000
       842  1.0000000000000000
       843  1.0000000000000000
       844  1.0000000000000000
       845  1.0000000000000000
       846  1.0000000000000000
       847  1.0000000000000000
       848  1.0000000000000000
       849  1.0000000000000000
       850  1.0000000000000000
       851  1.0000000000000000
       852  1.0000000000000000
       853  1.0000000000000000
       854  1.0000000000000000
       855  1.0000000000000000
       856  1.0000000000000000
       857  1.0000000000000000
       858  1.0000000000000000
       859  1.0000000000000000
       860  1.0000000000000000
       861  1.0000000000000000
       862  1.0000000000000000
       863  1.0000000000000000
       864  1.0000000000000000
       865  1.0000000000000000
       866  1.0000000000000000
       867  1.0000000000000000
       868  1.0000000000000000
       869  1.0000000000000000
       870  1.0000000000000000
       871  1.0000000000000000
       872  1.0000000000000000
       873  1.0000000000000000
       874  1.0000000000000000
       875  1.0000000000000000
       876  1.0000000000000000
       877  1.0000000000000000
       878  1.0000000000000000
       879  1.0000000000000000
       880  1.0000000000000000
       890  1.0000000000000000
       900  1.0000000000000000
       910  1.0000000000000000
       920  1.0000000000000000
       930  1.0000000000000000
       940  1.0000000000000000
       950  1.0000000000000000
       960  1.0000000000000000
       970  1.0000000000000000
       980  1.0000000000000000
