         0  0.6000000000000000
         1  0.6427124909549948
         2  0.6696295303399566
         3  0.6586257734533640
         4  0.5263047572381907
         5  0.2722952472670041
         6  0.0983794711699591
         7  0.0300745296015816
         8  0.0086722299472579
         9  0.0024555807141227
        10  0.0006914603729595
        11  0.0001943725837905
        12  0.0000546090926173
        13  0.0000153396687700
        14  0.0000043086340380
        15  0.0000012101892863
        16  0.0000003399094285
        17  0.0000000954710497
        18  0.0000000268151085
        19  0.0000000075315991
        20  0.0000000021154106
        21  0.0000000005941582
        22  0.0000000001668821
        23  0.0000000000468724
        24  0.0000000000131651
        25  0.0000000000036977
        26  0.0000000000010386
        27  0.0000000000002917
        28  0.0000000000000819
        29  0.0000000000000230
        30  0.0000000000000065
        31  0.0000000000000018
        32  0.0000000000000005
        33  0.0000000000000001
        34  0.0000000000000000
        35  0.0000000000000000
        36  0.0000000000000000
        37  0.0000000000000000
        38  0.0000000000000000
        39  0.0000000000000000
        40  0.0000000000000000
        41  0.0000000000000000
        42  0.0000000000000000
        43  0.0000000000000000
        44  0.0000000000000000
        45  0.0000000000000000
        46  0.0000000000000000
        47  0.0000000000000000
        48  0.0000000000000000
        49  0.0000000000000000
        50  0.0000000000000000
        51  0.0000000000000000
        52  0.0000000000000000
        53  0.0000000000000000
        54  0.0000000000000000
        55  0.0000000000000000
        56  0.0000000000000000
        57 -0.0000000000000000
        58  0.0000000000000000
        59  0.0000000000000000
        60  0.0000000000000000
