         0  0.2000000000000000
         1  0.1962655743462900
         2  0.2004189346153957
         3  0.2078821231885006
         4  0.2174372115417803
         5  0.2292447614222974
         6  0.2439260826404952
         7  0.2624117645189921
         8  0.2860294836146318
         9  0.3166787968950766
        10  0.3570577699239376
        11  0.4108375510801920
        12  0.4823682500036073
        13  0.5747480278582789
        14  0.6845828308983252
        15  0.7959260562299264
        16  0.8858954682605387
        17  0.9433072654668233
        18  0.9738419781790850
        19  0.9883892338452693
        20  0.9949396612590560
        21  0.9978125342773191
        22  0.9990577931017351
        23  0.9995947927449451
        24  0.9998258523640655
        25  0.9999251773726772
        26  0.9999678563946073
        27  0.9999861919250712
        28  0.9999940685378071
        29  0.9999974520779714
        30  0.9999989055178671
        31  0.9999995298565211
        32  0.9999997980462909
        33  0.9999999132492717
        34  0.9999999627355840
        35  0.9999999839927958
        36  0.9999999931239872
        37  0.9999999970463581
        38  0.9999999987312413
        39  0.9999999994549955
        40  0.9999999997658893
        41  0.9999999998994360
        42  0.9999999999568020
        43  0.9999999999814440
        44  0.9999999999920292
        45  0.9999999999965761
        46  0.9999999999985292
        47  0.9999999999993682
        48  0.9999999999997287
        49  0.9999999999998834
        50  0.9999999999999499
        51  0.9999999999999785
        52  0.9999999999999908
        53  0.9999999999999960
        54  0.9999999999999983
        55  0.9999999999999992
        56  0.9999999999999997
        57  0.9999999999999999
        58  0.9999999999999999
        59  1.0000000000000000
        60  1.0000000000000000
