         0  0.6000000000000000
         1  0.6337500736927566
         2  0.6650185924308577
         3  0.6916702165248609
         4  0.7139060164736730
         5  0.7323571227840520
         6  0.7478175272553227
         7  0.7610752670306358
         8  0.7727841255962836
         9  0.7834168051555174
        10  0.7932838837876304
        11  0.8025777714011104
        12  0.8114142146641884
        13  0.8198624022645278
        14  0.8279642663867981
        15  0.8357461049174534
        16  0.8432253612561450
        17  0.8504145195108974
        18  0.8573233267157203
        19  0.8639600553681215
        20  0.8703322167847081
        21  0.8764469595826551
        22  0.8823112869556858
        23  0.8879321693419973
        24  0.8933165966603255
        25  0.8984715958042325
        26  0.9034042284597956
        27  0.9081215781513544
        28  0.9126307318126524
        29  0.9169387590454269
        30  0.9210526909486759
        31  0.9249794996299163
        32  0.9287260790360851
        33  0.9322992274438167
        34  0.9357056317808051
        35  0.9389518538152067
        36  0.9420443181940512
        37  0.9449893022676078
        38  0.9477929275958322
        39  0.9504611530324127
        40  0.9529997692594162
        41  0.9554143946760444
        42  0.9577104724810014
        43  0.9598932688699291
        44  0.9619678722137563
        45  0.9639391931166108
        46  0.9658119652494114
        47  0.9675907468772169
        48  0.9692799229603143
        49  0.9708837078128538
        50  0.9724061481365353
        51  0.9738511264978491
        52  0.9752223650689003
        53  0.9765234296410176
        54  0.9777577338202733
        55  0.9789285434147982
        56  0.9800389809050993
        57  0.9810920300511413
        58  0.9820905404230066
        59  0.9830372321276604
        60  0.9839347003897227
        61  0.9847854201575560
        62  0.9855917506633015
        63  0.9863559399235285
        64  0.9870801291647963
        65  0.9877663571347693
        66  0.9884165643987037
        67  0.9890325974240814
        68  0.9896162126041776
        69  0.9901690801892671
        70  0.9906927880922438
        71  0.9911888455219647
        72  0.9916586866234983
        73  0.9921036737202296
        74  0.9925251009096531
        75  0.9929241968730996
        76  0.9933021283483172
        77  0.9936600026673869
        78  0.9939988709332085
        79  0.9943197304551887
        80  0.9946235275192957
        81  0.9949111598089507
        82  0.9951834787660970
        83  0.9954412918985081
        84  0.9956853649369228
        85  0.9959164239206749
        86  0.9961351571742807
        87  0.9963422172009953
        88  0.9965382224761608
        89  0.9967237591862135
        90  0.9968993828501250
        91  0.9970656198843789
        92  0.9972229690787464
        93  0.9973719030296937
        94  0.9975128694851468
        95  0.9976462925945663
        96  0.9977725741443876
        97  0.9978920947273545
        98  0.9980052148385231
        99  0.9981122758525937
       100  0.9982136011577638
       101  0.9983094969390248
       102  0.9984002531758898
       103  0.9984861444834920
       104  0.9985674308406809
       105  0.9986443584649330
       106  0.9987171604588057
       107  0.9987860575090024
       108  0.9988512585961806
       109  0.9989129615256728
       110  0.9989713535838997
       111  0.9990266120859140
       112  0.9990789048495660
       113  0.9991283907647234
       114  0.9991752202449939
       115  0.9992195356601891
       116  0.9992614717641453
       117  0.9993011561176339
       118  0.9993387094698584
       119  0.9993742461077922
       120  0.9994078741949413
       121  0.9994396961195877
       122  0.9994698087830198
       123  0.9994983039003664
       124  0.9995252682755545
       125  0.9995507840634913
       126  0.9995749290167858
       127  0.9995977767227275
       128  0.9996193968245065
       129  0.9996398552322091
       130  0.9996592143226184
       131  0.9996775331262173
       132  0.9996948675110927
       133  0.9997112703458164
       134  0.9997267916627405
       135  0.9997414788120046
       136  0.9997553766032740
       137  0.9997685274375721
       138  0.9997809714436734
       139  0.9997927465983935
       140  0.9998038888331673
       141  0.9998144321583551
       142  0.9998244087528262
       143  0.9998338490684664
       144  0.9998427819255747
       145  0.9998512345926079
       146  0.9998592328743414
       147  0.9998668011899994
       148  0.9998739626475210
       149  0.9998807391138583
       150  0.9998871512814962
       151  0.9998932187307069
       152  0.9998989599891238
       153  0.9999043925892023
       154  0.9999095331216611
       155  0.9999143972859970
       156  0.9999189999382957
       157  0.9999233551364478
       158  0.9999274761823855
       159  0.9999313756623386
       160  0.9999350654874646
       161  0.9999385569288464
       162  0.9999418606510312
       163  0.9999449867457223
       164  0.9999479447621611
       165  0.9999507437363758
       166  0.9999533922190507
       167  0.9999558982998430
       168  0.9999582696356744
       169  0.9999605134704893
       170  0.9999626366591921
       171  0.9999646456881698
       172  0.9999665466951589
       173  0.9999683454879377
       174  0.9999700475622016
       175  0.9999716581176700
       176  0.9999731820754383
       177  0.9999746240910650
       178  0.9999759885707212
       179  0.9999772796828815
       180  0.9999785013726963
       181  0.9999796573723823
       182  0.9999807512142662
       183  0.9999817862403912
       184  0.9999827656129296
       185  0.9999836923246403
       186  0.9999845692067536
       187  0.9999853989385603
       188  0.9999861840553745
       189  0.9999869269561436
       190  0.9999876299106820
       191  0.9999882950668226
       192  0.9999889244569727
       193  0.9999895200043094
       194  0.9999900835286299
       195  0.9999906167517743
       196  0.9999911213031273
       197  0.9999915987239533
       198  0.9999920504733348
       199  0.9999924779316880
       200  0.9999928824051344
       201  0.9999932651295738
       202  0.9999936272744386
       203  0.9999939699463065
       204  0.9999942941922541
       205  0.9999946010030543
       206  0.9999948913162100
       207  0.9999951660188156
       208  0.9999954259502627
       209  0.9999956719048169
       210  0.9999959046340211
       211  0.9999961248490139
       212  0.9999963332227029
       213  0.9999965303918373
       214  0.9999967169588297
       215  0.9999968934938520
       216  0.9999970605362833
       217  0.9999972185965468
       218  0.9999973681576786
       219  0.9999975096766447
       220  0.9999976435858779
       221  0.9999977702946211
       222  0.9999978901900276
       223  0.9999980036384398
       224  0.9999981109865129
       225  0.9999982125622721
       226  0.9999983086761114
       227  0.9999983996217402
       228  0.9999984856770788
       229  0.9999985671050894
       230  0.9999986441545725
       231  0.9999987170609566
       232  0.9999987860470184
       233  0.9999988513235728
       234  0.9999989130900478
       235  0.9999989715352724
       236  0.9999990268378173
       237  0.9999990791666156
       238  0.9999991286815573
       239  0.9999991755340035
       240  0.9999992198671130
       241  0.9999992618163557
       242  0.9999993015099083
       243  0.9999993390690632
       244  0.9999993746085926
       245  0.9999994082370949
       246  0.9999994400573265
       247  0.9999994701665252
       248  0.9999994986566945
       249  0.9999995256148928
       250  0.9999995511235017
       251  0.9999995752604591
       252  0.9999995980995261
       253  0.9999996197104928
       254  0.9999996401593965
       255  0.9999996595087234
       256  0.9999996778175999
       257  0.9999996951419731
       258  0.9999997115347814
       259  0.9999997270461168
       260  0.9999997417233780
       261  0.9999997556114169
       262  0.9999997687526698
       263  0.9999997811872914
       264  0.9999997929532777
       265  0.9999998040865825
       266  0.9999998146212267
       267  0.9999998245894022
       268  0.9999998340215703
       269  0.9999998429465545
       270  0.9999998513916265
       271  0.9999998593825905
       272  0.9999998669438642
       273  0.9999998740985567
       274  0.9999998808685161
       275  0.9999998872744492
       276  0.9999998933359283
       277  0.9999998990714625
       278  0.9999999044985812
       279  0.9999999096338789
       280  0.9999999144930417
       281  0.9999999190909180
       282  0.9999999234415575
       283  0.9999999275582546
       284  0.9999999314535888
       285  0.9999999351394636
       286  0.9999999386271419
       287  0.9999999419272805
       288  0.9999999450499638
       289  0.9999999480047345
       290  0.9999999508006219
       291  0.9999999534461689
       292  0.9999999559494606
       293  0.9999999583181440
       294  0.9999999605594586
       295  0.9999999626802533
       296  0.9999999646870088
       297  0.9999999665858573
       298  0.9999999683826014
       299  0.9999999700827311
       300  0.9999999716914415
       301  0.9999999732136483
       302  0.9999999746540029
       303  0.9999999760169074
       304  0.9999999773065238
       305  0.9999999785267978
       306  0.9999999796814545
       307  0.9999999807740211
       308  0.9999999818078397
       309  0.9999999827860688
       310  0.9999999837116952
       311  0.9999999845875482
       312  0.9999999854163069
       313  0.9999999862005010
       314  0.9999999869425261
       315  0.9999999876446521
       316  0.9999999883090241
       317  0.9999999889376705
       318  0.9999999895325130
       319  0.9999999900953702
       320  0.9999999906279616
       321  0.9999999911319144
       322  0.9999999916087687
       323  0.9999999920599817
       324  0.9999999924869321
       325  0.9999999928909244
       326  0.9999999932731933
       327  0.9999999936349069
       328  0.9999999939771704
       329  0.9999999943010298
       330  0.9999999946074746
       331  0.9999999948974413
       332  0.9999999951718158
       333  0.9999999954314368
       334  0.9999999956770974
       335  0.9999999959095486
       336  0.9999999961295000
       337  0.9999999963376243
       338  0.9999999965345576
       339  0.9999999967209012
       340  0.9999999968972245
       341  0.9999999970640669
       342  0.9999999972219380
       343  0.9999999973713197
       344  0.9999999975126689
       345  0.9999999976464177
       346  0.9999999977729744
       347  0.9999999978927259
       348  0.9999999980060381
       349  0.9999999981132578
       350  0.9999999982147112
       351  0.9999999983107100
       352  0.9999999984015462
       353  0.9999999984874983
       354  0.9999999985688285
       355  0.9999999986457853
       356  0.9999999987186042
       357  0.9999999987875071
       358  0.9999999988527054
       359  0.9999999989143976
       360  0.9999999989727725
       361  0.9999999990280085
       362  0.9999999990802745
       363  0.9999999991297299
       364  0.9999999991765260
       365  0.9999999992208058
       366  0.9999999992627047
       367  0.9999999993023504
       368  0.9999999993398644
       369  0.9999999993753612
       370  0.9999999994089492
       371  0.9999999994407313
       372  0.9999999994708042
       373  0.9999999994992601
       374  0.9999999995261858
       375  0.9999999995516637
       376  0.9999999995757717
       377  0.9999999995985832
       378  0.9999999996201683
       379  0.9999999996405926
       380  0.9999999996599186
       381  0.9999999996782054
       382  0.9999999996955090
       383  0.9999999997118820
       384  0.9999999997273747
       385  0.9999999997420344
       386  0.9999999997559056
       387  0.9999999997690311
       388  0.9999999997814507
       389  0.9999999997932025
       390  0.9999999998043224
       391  0.9999999998148444
       392  0.9999999998248006
       393  0.9999999998342214
       394  0.9999999998431357
       395  0.9999999998515705
       396  0.9999999998595519
       397  0.9999999998671041
       398  0.9999999998742501
       399  0.9999999998810120
       400  0.9999999998874102
       401  0.9999999998934643
       402  0.9999999998991930
       403  0.9999999999046135
       404  0.9999999999097426
       405  0.9999999999145960
       406  0.9999999999191883
       407  0.9999999999235337
       408  0.9999999999276454
       409  0.9999999999315361
       410  0.9999999999352176
       411  0.9999999999387010
       412  0.9999999999419972
       413  0.9999999999451161
       414  0.9999999999480673
       415  0.9999999999508599
       416  0.9999999999535022
       417  0.9999999999560025
       418  0.9999999999583683
       419  0.9999999999606070
       420  0.9999999999627252
       421  0.9999999999647295
       422  0.9999999999666261
       423  0.9999999999684207
       424  0.9999999999701188
       425  0.9999999999717255
       426  0.9999999999732458
       427  0.9999999999746845
       428  0.9999999999760458
       429  0.9999999999773339
       430  0.9999999999785526
       431  0.9999999999797059
       432  0.9999999999807971
       433  0.9999999999818298
       434  0.9999999999828068
       435  0.9999999999837313
       436  0.9999999999846061
       437  0.9999999999854339
       438  0.9999999999862171
       439  0.9999999999869582
       440  0.9999999999876595
       441  0.9999999999883231
       442  0.9999999999889509
       443  0.9999999999895451
       444  0.9999999999901072
       445  0.9999999999906393
       446  0.9999999999911426
       447  0.9999999999916189
       448  0.9999999999920696
       449  0.9999999999924960
       450  0.9999999999928995
       451  0.9999999999932813
       452  0.9999999999936425
       453  0.9999999999939844
       454  0.9999999999943079
       455  0.9999999999946140
       456  0.9999999999949036
       457  0.9999999999951776
       458  0.9999999999954370
       459  0.9999999999956823
       460  0.9999999999959145
       461  0.9999999999961342
       462  0.9999999999963420
       463  0.9999999999965388
       464  0.9999999999967248
       465  0.9999999999969009
       466  0.9999999999970676
       467  0.9999999999972253
       468  0.9999999999973744
       469  0.9999999999975157
       470  0.9999999999976492
       471  0.9999999999977757
       472  0.9999999999978952
       473  0.9999999999980085
       474  0.9999999999981155
       475  0.9999999999982169
       476  0.9999999999983128
       477  0.9999999999984035
       478  0.9999999999984893
       479  0.9999999999985706
       480  0.9999999999986474
       481  0.9999999999987201
       482  0.9999999999987890
       483  0.9999999999988541
       484  0.9999999999989158
       485  0.9999999999989740
       486  0.9999999999990292
       487  0.9999999999990814
       488  0.9999999999991308
       489  0.9999999999991775
       490  0.9999999999992217
       491  0.9999999999992636
       492  0.9999999999993032
       493  0.9999999999993406
       494  0.9999999999993762
       495  0.9999999999994097
       496  0.9999999999994414
       497  0.9999999999994714
       498  0.9999999999994998
       499  0.9999999999995267
       500  0.9999999999995522
       501  0.9999999999995762
       502  0.9999999999995991
       503  0.9999999999996206
       504  0.9999999999996411
       505  0.9999999999996604
       506  0.9999999999996786
       507  0.9999999999996959
       508  0.9999999999997122
       509  0.9999999999997277
       510  0.9999999999997423
       511  0.9999999999997562
       512  0.9999999999997693
       513  0.9999999999997817
       514  0.9999999999997935
       515  0.9999999999998046
       516  0.9999999999998150
       517  0.9999999999998250
       518  0.9999999999998345
       519  0.9999999999998433
       520  0.9999999999998518
       521  0.9999999999998597
       522  0.9999999999998672
       523  0.9999999999998744
       524  0.9999999999998812
       525  0.9999999999998875
       526  0.9999999999998936
       527  0.9999999999998993
       528  0.9999999999999047
       529  0.9999999999999098
       530  0.9999999999999147
       531  0.9999999999999193
       532  0.9999999999999236
       533  0.9999999999999277
       534  0.9999999999999316
       535  0.9999999999999353
       536  0.9999999999999388
       537  0.9999999999999420
       538  0.9999999999999452
       539  0.9999999999999482
       540  0.9999999999999509
       541  0.9999999999999536
       542  0.9999999999999560
       543  0.9999999999999584
       544  0.9999999999999607
       545  0.9999999999999628
       546  0.9999999999999648
       547  0.9999999999999667
       548  0.9999999999999685
       549  0.9999999999999701
       550  0.9999999999999718
       551  0.9999999999999732
       552  0.9999999999999747
       553  0.9999999999999761
       554  0.9999999999999774
       555  0.9999999999999786
       556  0.9999999999999797
       557  0.9999999999999808
       558  0.9999999999999819
       559  0.9999999999999828
       560  0.9999999999999838
       561  0.9999999999999847
       562  0.9999999999999855
       563  0.9999999999999862
       564  0.9999999999999870
       565  0.9999999999999877
       566  0.9999999999999883
       567  0.9999999999999890
       568  0.9999999999999896
       569  0.9999999999999901
       570  0.9999999999999907
       571  0.9999999999999911
       572  0.9999999999999917
       573  0.9999999999999921
       574  0.9999999999999925
       575  0.9999999999999929
       576  0.9999999999999933
       577  0.9999999999999937
       578  0.9999999999999940
       579  0.9999999999999943
       580  0.9999999999999947
       581  0.9999999999999949
       582  0.9999999999999952
       583  0.9999999999999954
       584  0.9999999999999957
       585  0.9999999999999959
       586  0.9999999999999961
       587  0.9999999999999963
       588  0.9999999999999966
       589  0.9999999999999968
       590  0.9999999999999969
       591  0.9999999999999971
       592  0.9999999999999972
       593  0.9999999999999973
       594  0.9999999999999976
       595  0.9999999999999977
       596  0.9999999999999978
       597  0.9999999999999979
       598  0.9999999999999980
       599  0.9999999999999981
       600  0.9999999999999982
       601  0.9999999999999983
       602  0.9999999999999984
       603  0.9999999999999984
       604  0.9999999999999986
       605  0.9999999999999987
       606  0.9999999999999987
       607  0.9999999999999988
       608  0.9999999999999989
       609  0.9999999999999989
       610  0.9999999999999990
       611  0.9999999999999990
       612  0.9999999999999991
       613  0.9999999999999991
       614  0.9999999999999992
       615  0.9999999999999992
       616  0.9999999999999992
       617  0.9999999999999993
       618  0.9999999999999993
       619  0.9999999999999993
       620  0.9999999999999994
       621  0.9999999999999994
       622  0.9999999999999994
       623  0.9999999999999996
       624  0.9999999999999996
       625  0.9999999999999996
       626  0.9999999999999996
       627  0.9999999999999996
       628  0.9999999999999997
       629  0.9999999999999997
       630  0.9999999999999997
       631  0.9999999999999997
       632  0.9999999999999997
       633  0.9999999999999997
       634  0.9999999999999998
       635  0.9999999999999998
       636  0.9999999999999998
       637  0.9999999999999998
       638  0.9999999999999998
       639  0.9999999999999998
       640  0.9999999999999998
       641  0.9999999999999998
       642  0.9999999999999998
       643  0.9999999999999999
       644  0.9999999999999999
       645  0.9999999999999999
       646  0.9999999999999999
       647  0.9999999999999999
       648  0.9999999999999999
       649  0.9999999999999999
       650  0.9999999999999999
       651  0.9999999999999999
       652  0.9999999999999999
       653  0.9999999999999999
       654  0.9999999999999999
       655  0.9999999999999999
       656  0.9999999999999999
       657  0.9999999999999999
       658  0.9999999999999999
       659  0.9999999999999999
       660  0.9999999999999999
       661  0.9999999999999999
       662  0.9999999999999999
       663  1.0000000000000000
       664  1.0000000000000000
       665  1.0000000000000000
       666  1.0000000000000000
       667  1.0000000000000000
       668  1.0000000000000000
       669  1.0000000000000000
       670  1.0000000000000000
       671  1.0000000000000000
       672  1.0000000000000000
       673  1.0000000000000000
       674  1.0000000000000000
       675  1.0000000000000000
       676  1.0000000000000000
       677  1.0000000000000000
       678  1.0000000000000000
       679  1.0000000000000000
       680  1.0000000000000000
       681  1.0000000000000000
       682  1.0000000000000000
       683  1.0000000000000000
       684  1.0000000000000000
       685  1.0000000000000000
       686  1.0000000000000000
       687  1.0000000000000000
       688  1.0000000000000000
       689  1.0000000000000000
       690  1.0000000000000000
       691  1.0000000000000000
       692  1.0000000000000000
       693  1.0000000000000000
       694  1.0000000000000000
       695  1.0000000000000000
       696  1.0000000000000000
       697  1.0000000000000000
       698  1.0000000000000000
       699  1.0000000000000000
       700  1.0000000000000000
       701  1.0000000000000000
       702  1.0000000000000000
       703  1.0000000000000000
       704  1.0000000000000000
       705  1.0000000000000000
       706  1.0000000000000000
       707  1.0000000000000000
       708  1.0000000000000000
       709  1.0000000000000000
       710  1.0000000000000000
       711  1.0000000000000000
       712  1.0000000000000000
       713  1.0000000000000000
       714  1.0000000000000000
       715  1.0000000000000000
       716  1.0000000000000000
       717  1.0000000000000000
       718  1.0000000000000000
       719  1.0000000000000000
       720  1.0000000000000000
       721  1.0000000000000000
       722  1.0000000000000000
       723  1.0000000000000000
       724  1.0000000000000000
       725  1.0000000000000000
       726  1.0000000000000000
       727  1.0000000000000000
       728  1.0000000000000000
       729  1.0000000000000000
       730  1.0000000000000000
       731  1.0000000000000000
       732  1.0000000000000000
       733  1.0000000000000000
       734  1.0000000000000000
       735  1.0000000000000000
       736  1.0000000000000000
       737  1.0000000000000000
       738  1.0000000000000000
       739  1.0000000000000000
       740  1.0000000000000000
       741  1.0000000000000000
       742  1.0000000000000000
       743  1.0000000000000000
       744  1.0000000000000000
       745  1.0000000000000000
       746  1.0000000000000000
       747  1.0000000000000000
       748  1.0000000000000000
       749  1.0000000000000000
       750  1.0000000000000000
       751  1.0000000000000000
       752  1.0000000000000000
       753  1.0000000000000000
       754  1.0000000000000000
       755  1.0000000000000000
       756  1.0000000000000000
       757  1.0000000000000000
       758  1.0000000000000000
       759  1.0000000000000000
       760  1.0000000000000000
       761  1.0000000000000000
       762  1.0000000000000000
       763  1.0000000000000000
       764  1.0000000000000000
       765  1.0000000000000000
       766  1.0000000000000000
       767  1.0000000000000000
       768  1.0000000000000000
       769  1.0000000000000000
       770  1.0000000000000000
       771  1.0000000000000000
       772  1.0000000000000000
       773  1.0000000000000000
       774  1.0000000000000000
       775  1.0000000000000000
       776  1.0000000000000000
       777  1.0000000000000000
       778  1.0000000000000000
       779  1.0000000000000000
       780  1.0000000000000000
       781  1.0000000000000000
       782  1.0000000000000000
       783  1.0000000000000000
       784  1.0000000000000000
       785  1.0000000000000000
       786  1.0000000000000000
       787  1.0000000000000000
       788  1.0000000000000000
       789  1.0000000000000000
       790  1.0000000000000000
       791  1.0000000000000000
       792  1.0000000000000000
       793  1.0000000000000000
       794  1.0000000000000000
       795  1.0000000000000000
       796  1.0000000000000000
       797  1.0000000000000000
       798  1.0000000000000000
       799  1.0000000000000000
       800  1.0000000000000000
       801  1.0000000000000000
       802  1.0000000000000000
       803  1.0000000000000000
       804  1.0000000000000000
       805  1.0000000000000000
       806  1.0000000000000000
       807  1.0000000000000000
       808  1.0000000000000000
       809  1.0000000000000000
       810  1.0000000000000000
       811  1.0000000000000000
       812  1.0000000000000000
       813  1.0000000000000000
       814  1.0000000000000000
       815  1.0000000000000000
       816  1.0000000000000000
       817  1.0000000000000000
       818  1.0000000000000000
       819  1.0000000000000000
       820  1.0000000000000000
       821  1.0000000000000000
       822  1.0000000000000000
       823  1.0000000000000000
       824  1.0000000000000000
       825  1.0000000000000000
       826  1.0000000000000000
       827  1.0000000000000000
       828  1.0000000000000000
       829  1.0000000000000000
       830  1.0000000000000000
       831  1.0000000000000000
       832  1.0000000000000000
       833  1.0000000000000000
       834  1.0000000000000000
       835  1.0000000000000000
       836  1.0000000000000000
       837  1.0000000000000000
       838  1.0000000000000000
       839  1.0000000000000000
       840  1.0000000000000000
       841  1.0000000000000000
       842  1.0000000000000000
       843  1.0000000000000000
       844  1.0000000000000000
       845  1.0000000000000000
       846  1.0000000000000000
       847  1.0000000000000000
       848  1.0000000000000000
       849  1.0000000000000000
       850  1.0000000000000000
       851  1.0000000000000000
       852  1.0000000000000000
       853  1.0000000000000000
       854  1.0000000000000000
       855  1.0000000000000000
       856  1.0000000000000000
       857  1.0000000000000000
       858  1.0000000000000000
       859  1.0000000000000000
       860  1.0000000000000000
       861  1.0000000000000000
       862  1.0000000000000000
       863  1.0000000000000000
       864  1.0000000000000000
       865  1.0000000000000000
       866  1.0000000000000000
       867  1.0000000000000000
       868  1.0000000000000000
       869  1.0000000000000000
       870  1.0000000000000000
       871  1.0000000000000000
       872  1.0000000000000000
       873  1.0000000000000000
       874  1.0000000000000000
       875  1.0000000000000000
       876  1.0000000000000000
       877  1.0000000000000000
       878  1.0000000000000000
       879  1.0000000000000000
       880  1.0000000000000000
       890  1.0000000000000000
       900  1.0000000000000000
       910  1.0000000000000000
       920  1.0000000000000000
       930  1.0000000000000000
       940  1.0000000000000000
       950  1.0000000000000000
       960  1.0000000000000000
       970  1.0000000000000000
       980  1.0000000000000000
