         0  0.6000000000000000
         1  0.3902825399455662
         2  0.2133521523258769
         3  0.1427502005530595
         4  0.1770564200158506
         5  0.2226242941043244
         6  0.2605402580925692
         7  0.2888516027341208
         8  0.3093606807529864
         9  0.3249723797400844
        10  0.3380150071667092
        11  0.3498810617017379
        12  0.3612805005074500
        13  0.3725442780516882
        14  0.3838175539575960
        15  0.3951593557858495
        16  0.4065896499471008
        17  0.4181107544012477
        18  0.4297169362633890
        19  0.4413987004675166
        20  0.4531447180704352
        21  0.4649427101953258
        22  0.4767798711341517
        23  0.4886430885507788
        24  0.5005190745578878
        25  0.5123944576791154
        26  0.5242558575114765
        27  0.5360899514300380
        28  0.5478835371594691
        29  0.5596235926025936
        30  0.5712973332478578
        31  0.5828922670267502
        32  0.5943962463076586
        33  0.6057975166659282
        34  0.6170847620733761
        35  0.6282471461789635
        36  0.6392743494186360
        37  0.6501566017294392
        38  0.6608847107092797
        39  0.6714500851415999
        40  0.6818447538219040
        41  0.6920613797401219
        42  0.7020932696653738
        43  0.7119343792819804
        44  0.7215793140192435
        45  0.7310233258686419
        46  0.7402623062215763
        47  0.7492927753983980
        48  0.7581118686202607
        49  0.7667173193519583
        50  0.7751074397099584
        51  0.7832810988871682
        52  0.7912376993443121
        53  0.7989771515532857
        54  0.8064998473672494
        55  0.8138066323145221
        56  0.8208987772942177
        57  0.8277779496838493
        58  0.8344461843814932
        59  0.8409058547914261
        60  0.8471596441039344
        61  0.8532105169901928
        62  0.8590616919275098
        63  0.8647166142776785
        64  0.8701789302171651
        65  0.8754524616707817
        66  0.8805411823078635
        67  0.8854491946738851
        68  0.8901807085040413
        69  0.8947400202607217
        70  0.8991314939077619
        71  0.9033595429324773
        72  0.9074286136135162
        73  0.9113431695181730
        74  0.9151076772089005
        75  0.9187265931290907
        76  0.9222043516330790
        77  0.9255453541183982
        78  0.9287539592182195
        79  0.9318344740027177
        80  0.9347911461447690
        81  0.9376281569930965
        82  0.9403496155004926
        83  0.9429595529613078
        84  0.9454619184987048
        85  0.9478605752531879
        86  0.9501592972225810
        87  0.9523617666990055
        88  0.9544715722656545
        89  0.9564922072953104
        90  0.9584270689184188
        91  0.9602794574042088
        92  0.9620525759336789
        93  0.9637495307150747
        94  0.9653733313941687
        95  0.9669268917768015
        96  0.9684130307553764
        97  0.9698344734753359
        98  0.9711938526860560
        99  0.9724937102627658
       100  0.9737364988478540
       101  0.9749245836246047
       102  0.9760602442311509
       103  0.9771456767213701
       104  0.9781829955690241
       105  0.9791742357301277
       106  0.9801213548112157
       107  0.9810262352239155
       108  0.9818906863473195
       109  0.9827164466664792
       110  0.9835051859690107
       111  0.9842585074946635
       112  0.9849779502071204
       113  0.9856649906598699
       114  0.9863210453891478
       115  0.9869474727857568
       116  0.9875455751654916
       117  0.9881166008915657
       118  0.9886617460878527
       119  0.9891821568392202
       120  0.9896789307433684
       121  0.9901531190509153
       122  0.9906057281818584
       123  0.9910377215676297
       124  0.9914500212934406
       125  0.9918435097331756
       126  0.9922190311093496
       127  0.9925773930234708
       128  0.9929193679276228
       129  0.9932456945525037
       130  0.9935570792799437
       131  0.9938541974768723
       132  0.9941376947804476
       133  0.9944081883255163
       134  0.9946662679487440
       135  0.9949124973288604
       136  0.9951474150937346
       137  0.9953715358860816
       138  0.9955853513897844
       139  0.9957893313026657
       140  0.9959839242913726
       141  0.9961695588994713
       142  0.9963466444161957
       143  0.9965155717072718
       144  0.9966767140372552
       145  0.9968304278090206
       146  0.9969770533405058
       147  0.9971169155513971
       148  0.9972503246168590
       149  0.9973775766656032
       150  0.9974989544020825
       151  0.9976147276675558
       152  0.9977251540091990
       153  0.9978304792650509
       154  0.9979309380859104
       155  0.9980267544070082
       156  0.9981181419252371
       157  0.9982053045896810
       158  0.9982884370390998
       159  0.9983677249935565
       160  0.9984433456646765
       161  0.9985154681645765
       162  0.9985842538418630
       163  0.9986498566492201
       164  0.9987124234751575
       165  0.9987720944649492
       166  0.9988290033253895
       167  0.9988832776203487
       168  0.9989350390562403
       169  0.9989844037164894
       170  0.9990314823707015
       171  0.9990763806817003
       172  0.9991191994462278
       173  0.9991600348081185
       174  0.9991989784934504
       175  0.9992361179989596
       176  0.9992715367758043
       177  0.9993053144405444
       178  0.9993375269290447
       179  0.9993682466689424
       180  0.9993975427609144
       181  0.9994254810870383
       182  0.9994521245149227
       183  0.9994775329944173
       184  0.9995017637088205
       185  0.9995248711976668
       186  0.9995469074799954
       187  0.9995679221701901
       188  0.9995879625888194
       189  0.9996070738684101
       190  0.9996252990532707
       191  0.9996426791971909
       192  0.9996592534545280
       193  0.9996750591679671
       194  0.9996901319525391
       195  0.9997045057736447
       196  0.9997182130257253
       197  0.9997312846022530
       198  0.9997437499689925
       199  0.9997556372232287
       200  0.9997669731655170
       201  0.9997777833525135
       202  0.9997880921578706
       203  0.9997979228263109
       204  0.9998072975256814
       205  0.9998162373969558
       206  0.9998247626022621
       207  0.9998328923668851
       208  0.9998406450291681
       209  0.9998480380752329
       210  0.9998550881809549
       211  0.9998618112499907
       212  0.9998682224489409
       213  0.9998743362405802
       214  0.9998801664187003
       215  0.9998857261357313
       216  0.9998910279358192
       217  0.9998960837821502
       218  0.9999009050813038
       219  0.9999055027122067
       220  0.9999098870501770
       221  0.9999140679886829
       222  0.9999180549605607
       223  0.9999218569640649
       224  0.9999254825791617
       225  0.9999289399879457
       226  0.9999322369930783
       227  0.9999353810353742
       228  0.9999383792105720
       229  0.9999412382853307
       230  0.9999439647124829
       231  0.9999465646455834
       232  0.9999490439527832
       233  0.9999514082300609
       234  0.9999536628138416
       235  0.9999558127930306
       236  0.9999578630204852
       237  0.9999598181239606
       238  0.9999616825165527
       239  0.9999634604065134
       240  0.9999651558072253
       241  0.9999667725456731
       242  0.9999683142713195
       243  0.9999697844643737
       244  0.9999711864435779
       245  0.9999725233737415
       246  0.9999737982728435
       247  0.9999750140188673
       248  0.9999761733562805
       249  0.9999772789022071
       250  0.9999783331524096
       251  0.9999793384870251
       252  0.9999802971749486
       253  0.9999812113810813
       254  0.9999820831690381
       255  0.9999829145069183
       256  0.9999837072714813
       257  0.9999844632524442
       258  0.9999851841564923
       259  0.9999858716111486
       260  0.9999865271683712
       261  0.9999871523080979
       262  0.9999877484416421
       263  0.9999883169148638
       264  0.9999888590112571
       265  0.9999893759545241
       266  0.9999898689118577
       267  0.9999903389960830
       268  0.9999907872685261
       269  0.9999912147412435
       270  0.9999916223792891
       271  0.9999920111029623
       272  0.9999923817899155
       273  0.9999927352770390
       274  0.9999930723623782
       275  0.9999933938069546
       276  0.9999937003364852
       277  0.9999939926430191
       278  0.9999942713864997
       279  0.9999945371962511
       280  0.9999947906724060
       281  0.9999950323872399
       282  0.9999952628864615
       283  0.9999954826904777
       284  0.9999956922955474
       285  0.9999958921748815
       286  0.9999960827797689
       287  0.9999962645405388
       288  0.9999964378675577
       289  0.9999966031521519
       290  0.9999967607675005
       291  0.9999969110694275
       292  0.9999970543972999
       293  0.9999971910747164
       294  0.9999973214102347
       295  0.9999974456981493
       296  0.9999975642190675
       297  0.9999976772405497
       298  0.9999977850177858
       299  0.9999978877941120
       300  0.9999979858015738
       301  0.9999980792614508
       302  0.9999981683847519
       303  0.9999982533726925
       304  0.9999983344171526
       305  0.9999984117011242
       306  0.9999984853990586
       307  0.9999985556773716
       308  0.9999986226947383
       309  0.9999986866024715
       310  0.9999987475448604
       311  0.9999988056594942
       312  0.9999988610775783
       313  0.9999989139242319
       314  0.9999989643187697
       315  0.9999990123749711
       316  0.9999990582013372
       317  0.9999991019013407
       318  0.9999991435736695
       319  0.9999991833123147
       320  0.9999992212070982
       321  0.9999992573435456
       322  0.9999992918032412
       323  0.9999993246639883
       324  0.9999993559999812
       325  0.9999993858819614
       326  0.9999994143774021
       327  0.9999994415506410
       328  0.9999994674630243
       329  0.9999994921730561
       330  0.9999995157365298
       331  0.9999995382066489
       332  0.9999995596341374
       333  0.9999995800673781
       334  0.9999995995525044
       335  0.9999996181335096
       336  0.9999996358523451
       337  0.9999996527490164
       338  0.9999996688616720
       339  0.9999996842266911
       340  0.9999996988787641
       341  0.9999997128509740
       342  0.9999997261748600
       343  0.9999997388805190
       344  0.9999997509966253
       345  0.9999997625505304
       346  0.9999997735683256
       347  0.9999997840748962
       348  0.9999997940939575
       349  0.9999998036481229
       350  0.9999998127589657
       351  0.9999998214470639
       352  0.9999998297320336
       353  0.9999998376325728
       354  0.9999998451665181
       355  0.9999998523508841
       356  0.9999998592019040
       357  0.9999998657350188
       358  0.9999998719649920
       359  0.9999998779058936
       360  0.9999998835711351
       361  0.9999998889735061
       362  0.9999998941252038
       363  0.9999998990378596
       364  0.9999999037225651
       365  0.9999999081898981
       366  0.9999999124499432
       367  0.9999999165123197
       368  0.9999999203861994
       369  0.9999999240803288
       370  0.9999999276030483
       371  0.9999999309623117
       372  0.9999999341657032
       373  0.9999999372204557
       374  0.9999999401334647
       375  0.9999999429113098
       376  0.9999999455602611
       377  0.9999999480862986
       378  0.9999999504951256
       379  0.9999999527921818
       380  0.9999999549826543
       381  0.9999999570714877
       382  0.9999999590633973
       383  0.9999999609628805
       384  0.9999999627742264
       385  0.9999999645015256
       386  0.9999999661486793
       387  0.9999999677193995
       388  0.9999999692172399
       389  0.9999999706455802
       390  0.9999999720076413
       391  0.9999999733065057
       392  0.9999999745451004
       393  0.9999999757262220
       394  0.9999999768525422
       395  0.9999999779265977
       396  0.9999999789508168
       397  0.9999999799275132
       398  0.9999999808588875
       399  0.9999999817470470
       400  0.9999999825939953
       401  0.9999999834016446
       402  0.9999999841718187
       403  0.9999999849062561
       404  0.9999999856066152
       405  0.9999999862744772
       406  0.9999999869113499
       407  0.9999999875186715
       408  0.9999999880978130
       409  0.9999999886500819
       410  0.9999999891767252
       411  0.9999999896789317
       412  0.9999999901578356
       413  0.9999999906145181
       414  0.9999999910500103
       415  0.9999999914652954
       416  0.9999999918613114
       417  0.9999999922389513
       418  0.9999999925990687
       419  0.9999999929424769
       420  0.9999999932699501
       421  0.9999999935822285
       422  0.9999999938800173
       423  0.9999999941639882
       424  0.9999999944347826
       425  0.9999999946930124
       426  0.9999999949392600
       427  0.9999999951740811
       428  0.9999999953980069
       429  0.9999999956115424
       430  0.9999999958151693
       431  0.9999999960093486
       432  0.9999999961945168
       433  0.9999999963710940
       434  0.9999999965394772
       435  0.9999999967000479
       436  0.9999999968531675
       437  0.9999999969991826
       438  0.9999999971384221
       439  0.9999999972712011
       440  0.9999999973978191
       441  0.9999999975185618
       442  0.9999999976337022
       443  0.9999999977434998
       444  0.9999999978482028
       445  0.9999999979480476
       446  0.9999999980432595
       447  0.9999999981340534
       448  0.9999999982206345
       449  0.9999999983031982
       450  0.9999999983819308
       451  0.9999999984570103
       452  0.9999999985286059
       453  0.9999999985968795
       454  0.9999999986619852
       455  0.9999999987240700
       456  0.9999999987832738
       457  0.9999999988397307
       458  0.9999999988935679
       459  0.9999999989449070
       460  0.9999999989938640
       461  0.9999999990405494
       462  0.9999999990850684
       463  0.9999999991275219
       464  0.9999999991680054
       465  0.9999999992066104
       466  0.9999999992434242
       467  0.9999999992785298
       468  0.9999999993120066
       469  0.9999999993439298
       470  0.9999999993743720
       471  0.9999999994034015
       472  0.9999999994310840
       473  0.9999999994574820
       474  0.9999999994826553
       475  0.9999999995066603
       476  0.9999999995295517
       477  0.9999999995513806
       478  0.9999999995721969
       479  0.9999999995920472
       480  0.9999999996109764
       481  0.9999999996290274
       482  0.9999999996462408
       483  0.9999999996626554
       484  0.9999999996783084
       485  0.9999999996932351
       486  0.9999999997074692
       487  0.9999999997210428
       488  0.9999999997339866
       489  0.9999999997463298
       490  0.9999999997581002
       491  0.9999999997693245
       492  0.9999999997800280
       493  0.9999999997902348
       494  0.9999999997999681
       495  0.9999999998092497
       496  0.9999999998181006
       497  0.9999999998265409
       498  0.9999999998345894
       499  0.9999999998422646
       500  0.9999999998495837
       501  0.9999999998565631
       502  0.9999999998632186
       503  0.9999999998695653
       504  0.9999999998756176
       505  0.9999999998813890
       506  0.9999999998868927
       507  0.9999999998921409
       508  0.9999999998971456
       509  0.9999999999019181
       510  0.9999999999064693
       511  0.9999999999108091
       512  0.9999999999149476
       513  0.9999999999188941
       514  0.9999999999226574
       515  0.9999999999262462
       516  0.9999999999296685
       517  0.9999999999329319
       518  0.9999999999360438
       519  0.9999999999390115
       520  0.9999999999418413
       521  0.9999999999445399
       522  0.9999999999471133
       523  0.9999999999495673
       524  0.9999999999519075
       525  0.9999999999541389
       526  0.9999999999562669
       527  0.9999999999582961
       528  0.9999999999602313
       529  0.9999999999620766
       530  0.9999999999638363
       531  0.9999999999655143
       532  0.9999999999671144
       533  0.9999999999686403
       534  0.9999999999700954
       535  0.9999999999714830
       536  0.9999999999728062
       537  0.9999999999740681
       538  0.9999999999752713
       539  0.9999999999764188
       540  0.9999999999775129
       541  0.9999999999785563
       542  0.9999999999795514
       543  0.9999999999805002
       544  0.9999999999814050
       545  0.9999999999822677
       546  0.9999999999830905
       547  0.9999999999838751
       548  0.9999999999846234
       549  0.9999999999853368
       550  0.9999999999860172
       551  0.9999999999866660
       552  0.9999999999872847
       553  0.9999999999878747
       554  0.9999999999884374
       555  0.9999999999889739
       556  0.9999999999894855
       557  0.9999999999899734
       558  0.9999999999904386
       559  0.9999999999908823
       560  0.9999999999913053
       561  0.9999999999917087
       562  0.9999999999920935
       563  0.9999999999924604
       564  0.9999999999928102
       565  0.9999999999931438
       566  0.9999999999934619
       567  0.9999999999937653
       568  0.9999999999940546
       569  0.9999999999943305
       570  0.9999999999945935
       571  0.9999999999948445
       572  0.9999999999950836
       573  0.9999999999953118
       574  0.9999999999955292
       575  0.9999999999957367
       576  0.9999999999959346
       577  0.9999999999961232
       578  0.9999999999963031
       579  0.9999999999964746
       580  0.9999999999966382
       581  0.9999999999967942
       582  0.9999999999969429
       583  0.9999999999970848
       584  0.9999999999972201
       585  0.9999999999973490
       586  0.9999999999974720
       587  0.9999999999975894
       588  0.9999999999977012
       589  0.9999999999978079
       590  0.9999999999979096
       591  0.9999999999980066
       592  0.9999999999980991
       593  0.9999999999981873
       594  0.9999999999982714
       595  0.9999999999983517
       596  0.9999999999984281
       597  0.9999999999985010
       598  0.9999999999985706
       599  0.9999999999986369
       600  0.9999999999987002
       601  0.9999999999987604
       602  0.9999999999988179
       603  0.9999999999988728
       604  0.9999999999989251
       605  0.9999999999989750
       606  0.9999999999990226
       607  0.9999999999990680
       608  0.9999999999991112
       609  0.9999999999991525
       610  0.9999999999991918
       611  0.9999999999992293
       612  0.9999999999992650
       613  0.9999999999992991
       614  0.9999999999993316
       615  0.9999999999993626
       616  0.9999999999993923
       617  0.9999999999994205
       618  0.9999999999994473
       619  0.9999999999994730
       620  0.9999999999994974
       621  0.9999999999995207
       622  0.9999999999995429
       623  0.9999999999995641
       624  0.9999999999995844
       625  0.9999999999996037
       626  0.9999999999996221
       627  0.9999999999996396
       628  0.9999999999996564
       629  0.9999999999996723
       630  0.9999999999996875
       631  0.9999999999997020
       632  0.9999999999997158
       633  0.9999999999997290
       634  0.9999999999997415
       635  0.9999999999997535
       636  0.9999999999997650
       637  0.9999999999997760
       638  0.9999999999997863
       639  0.9999999999997963
       640  0.9999999999998057
       641  0.9999999999998147
       642  0.9999999999998233
       643  0.9999999999998315
       644  0.9999999999998394
       645  0.9999999999998468
       646  0.9999999999998539
       647  0.9999999999998607
       648  0.9999999999998671
       649  0.9999999999998733
       650  0.9999999999998792
       651  0.9999999999998848
       652  0.9999999999998901
       653  0.9999999999998952
       654  0.9999999999999001
       655  0.9999999999999047
       656  0.9999999999999092
       657  0.9999999999999134
       658  0.9999999999999174
       659  0.9999999999999212
       660  0.9999999999999248
       661  0.9999999999999284
       662  0.9999999999999317
       663  0.9999999999999348
       664  0.9999999999999378
       665  0.9999999999999407
       666  0.9999999999999435
       667  0.9999999999999462
       668  0.9999999999999486
       669  0.9999999999999510
       670  0.9999999999999533
       671  0.9999999999999555
       672  0.9999999999999575
       673  0.9999999999999595
       674  0.9999999999999614
       675  0.9999999999999631
       676  0.9999999999999649
       677  0.9999999999999665
       678  0.9999999999999680
       679  0.9999999999999696
       680  0.9999999999999709
       681  0.9999999999999722
       682  0.9999999999999736
       683  0.9999999999999748
       684  0.9999999999999760
       685  0.9999999999999771
       686  0.9999999999999781
       687  0.9999999999999791
       688  0.9999999999999801
       689  0.9999999999999810
       690  0.9999999999999819
       691  0.9999999999999828
       692  0.9999999999999836
       693  0.9999999999999843
       694  0.9999999999999850
       695  0.9999999999999858
       696  0.9999999999999865
       697  0.9999999999999870
       698  0.9999999999999877
       699  0.9999999999999882
       700  0.9999999999999888
       701  0.9999999999999893
       702  0.9999999999999898
       703  0.9999999999999902
       704  0.9999999999999907
       705  0.9999999999999911
       706  0.9999999999999916
       707  0.9999999999999919
       708  0.9999999999999923
       709  0.9999999999999927
       710  0.9999999999999930
       711  0.9999999999999933
       712  0.9999999999999937
       713  0.9999999999999939
       714  0.9999999999999942
       715  0.9999999999999944
       716  0.9999999999999948
       717  0.9999999999999950
       718  0.9999999999999952
       719  0.9999999999999954
       720  0.9999999999999957
       721  0.9999999999999959
       722  0.9999999999999960
       723  0.9999999999999962
       724  0.9999999999999964
       725  0.9999999999999966
       726  0.9999999999999968
       727  0.9999999999999969
       728  0.9999999999999970
       729  0.9999999999999971
       730  0.9999999999999973
       731  0.9999999999999974
       732  0.9999999999999976
       733  0.9999999999999977
       734  0.9999999999999978
       735  0.9999999999999979
       736  0.9999999999999980
       737  0.9999999999999981
       738  0.9999999999999981
       739  0.9999999999999982
       740  0.9999999999999983
       741  0.9999999999999984
       742  0.9999999999999984
       743  0.9999999999999986
       744  0.9999999999999986
       745  0.9999999999999987
       746  0.9999999999999988
       747  0.9999999999999988
       748  0.9999999999999989
       749  0.9999999999999989
       750  0.9999999999999990
       751  0.9999999999999990
       752  0.9999999999999990
       753  0.9999999999999991
       754  0.9999999999999991
       755  0.9999999999999992
       756  0.9999999999999992
       757  0.9999999999999992
       758  0.9999999999999993
       759  0.9999999999999993
       760  0.9999999999999993
       761  0.9999999999999993
       762  0.9999999999999994
       763  0.9999999999999994
       764  0.9999999999999994
       765  0.9999999999999994
       766  0.9999999999999996
       767  0.9999999999999996
       768  0.9999999999999996
       769  0.9999999999999996
       770  0.9999999999999996
       771  0.9999999999999997
       772  0.9999999999999997
       773  0.9999999999999997
       774  0.9999999999999997
       775  0.9999999999999997
       776  0.9999999999999997
       777  0.9999999999999997
       778  0.9999999999999998
       779  0.9999999999999998
       780  0.9999999999999998
       781  0.9999999999999998
       782  0.9999999999999998
       783  0.9999999999999998
       784  0.9999999999999998
       785  0.9999999999999998
       786  0.9999999999999998
       787  0.9999999999999998
       788  0.9999999999999998
       789  0.9999999999999999
       790  0.9999999999999999
       791  0.9999999999999999
       792  0.9999999999999999
       793  0.9999999999999999
       794  0.9999999999999999
       795  0.9999999999999999
       796  0.9999999999999999
       797  0.9999999999999999
       798  0.9999999999999999
       799  0.9999999999999999
       800  0.9999999999999999
       801  0.9999999999999999
       802  0.9999999999999999
       803  0.9999999999999999
       804  0.9999999999999999
       805  0.9999999999999999
       806  0.9999999999999999
       807  0.9999999999999999
       808  0.9999999999999999
       809  0.9999999999999999
       810  0.9999999999999999
       811  0.9999999999999999
       812  1.0000000000000000
       813  1.0000000000000000
       814  1.0000000000000000
       815  1.0000000000000000
       816  1.0000000000000000
       817  1.0000000000000000
       818  1.0000000000000000
       819  1.0000000000000000
       820  1.0000000000000000
       821  1.0000000000000000
       822  1.0000000000000000
       823  1.0000000000000000
       824  1.0000000000000000
       825  1.0000000000000000
       826  1.0000000000000000
       827  1.0000000000000000
       828  1.0000000000000000
       829  1.0000000000000000
       830  1.0000000000000000
       831  1.0000000000000000
       832  1.0000000000000000
       833  1.0000000000000000
       834  1.0000000000000000
       835  1.0000000000000000
       836  1.0000000000000000
       837  1.0000000000000000
       838  1.0000000000000000
       839  1.0000000000000000
       840  1.0000000000000000
       841  1.0000000000000000
       842  1.0000000000000000
       843  1.0000000000000000
       844  1.0000000000000000
       845  1.0000000000000000
       846  1.0000000000000000
       847  1.0000000000000000
       848  1.0000000000000000
       849  1.0000000000000000
       850  1.0000000000000000
       851  1.0000000000000000
       852  1.0000000000000000
       853  1.0000000000000000
       854  1.0000000000000000
       855  1.0000000000000000
       856  1.0000000000000000
       857  1.0000000000000000
       858  1.0000000000000000
       859  1.0000000000000000
       860  1.0000000000000000
       861  1.0000000000000000
       862  1.0000000000000000
       863  1.0000000000000000
       864  1.0000000000000000
       865  1.0000000000000000
       866  1.0000000000000000
       867  1.0000000000000000
       868  1.0000000000000000
       869  1.0000000000000000
       870  1.0000000000000000
       871  1.0000000000000000
       872  1.0000000000000000
       873  1.0000000000000000
       874  1.0000000000000000
       875  1.0000000000000000
       876  1.0000000000000000
       877  1.0000000000000000
       878  1.0000000000000000
       879  1.0000000000000000
       880  1.0000000000000000
       881  1.0000000000000000
       882  1.0000000000000000
       883  1.0000000000000000
       884  1.0000000000000000
       885  1.0000000000000000
       886  1.0000000000000000
       887  1.0000000000000000
       888  1.0000000000000000
       889  1.0000000000000000
       890  1.0000000000000000
       891  1.0000000000000000
       892  1.0000000000000000
       893  1.0000000000000000
       894  1.0000000000000000
       895  1.0000000000000000
       896  1.0000000000000000
       897  1.0000000000000000
       898  1.0000000000000000
       899  1.0000000000000000
       900  1.0000000000000000
       901  1.0000000000000000
       902  1.0000000000000000
       903  1.0000000000000000
       904  1.0000000000000000
       905  1.0000000000000000
       906  1.0000000000000000
       907  1.0000000000000000
       908  1.0000000000000000
       909  1.0000000000000000
       910  1.0000000000000000
       911  1.0000000000000000
       912  1.0000000000000000
       913  1.0000000000000000
       914  1.0000000000000000
       915  1.0000000000000000
       916  1.0000000000000000
       917  1.0000000000000000
       918  1.0000000000000000
       919  1.0000000000000000
       920  1.0000000000000000
       921  1.0000000000000000
       922  1.0000000000000000
       923  1.0000000000000000
       924  1.0000000000000000
       925  1.0000000000000000
       926  1.0000000000000000
       927  1.0000000000000000
       928  1.0000000000000000
       929  1.0000000000000000
       930  1.0000000000000000
       931  1.0000000000000000
       932  1.0000000000000000
       933  1.0000000000000000
       934  1.0000000000000000
       935  1.0000000000000000
       936  1.0000000000000000
       937  1.0000000000000000
       938  1.0000000000000000
       939  1.0000000000000000
       940  1.0000000000000000
       941  1.0000000000000000
       942  1.0000000000000000
       943  1.0000000000000000
       944  1.0000000000000000
       945  1.0000000000000000
       946  1.0000000000000000
       947  1.0000000000000000
       948  1.0000000000000000
       949  1.0000000000000000
       950  1.0000000000000000
       951  1.0000000000000000
       952  1.0000000000000000
       953  1.0000000000000000
       954  1.0000000000000000
       955  1.0000000000000000
       956  1.0000000000000000
       957  1.0000000000000000
       958  1.0000000000000000
       959  1.0000000000000000
       960  1.0000000000000000
       961  1.0000000000000000
       962  1.0000000000000000
       963  1.0000000000000000
       964  1.0000000000000000
       965  1.0000000000000000
       966  1.0000000000000000
       967  1.0000000000000000
       968  1.0000000000000000
       969  1.0000000000000000
       970  1.0000000000000000
       971  1.0000000000000000
       972  1.0000000000000000
       973  1.0000000000000000
       974  1.0000000000000000
       975  1.0000000000000000
       976  1.0000000000000000
       977  1.0000000000000000
       978  1.0000000000000000
       979  1.0000000000000000
       980  1.0000000000000000
       981  1.0000000000000000
       982  1.0000000000000000
       983  1.0000000000000000
       984  1.0000000000000000
       985  1.0000000000000000
       986  1.0000000000000000
       987  1.0000000000000000
       988  1.0000000000000000
       989  1.0000000000000000
       990  1.0000000000000000
       991  1.0000000000000000
       992  1.0000000000000000
       993  1.0000000000000000
       994  1.0000000000000000
       995  1.0000000000000000
       996  1.0000000000000000
       997  1.0000000000000000
       998  1.0000000000000000
       999  1.0000000000000000
      1000  1.0000000000000000
      1001  1.0000000000000000
      1002  1.0000000000000000
      1003  1.0000000000000000
      1004  1.0000000000000000
      1005  1.0000000000000000
      1006  1.0000000000000000
      1007  1.0000000000000000
      1008  1.0000000000000000
      1009  1.0000000000000000
      1010  1.0000000000000000
      1011  1.0000000000000000
      1012  1.0000000000000000
      1013  1.0000000000000000
      1014  1.0000000000000000
      1015  1.0000000000000000
      1016  1.0000000000000000
      1017  1.0000000000000000
      1018  1.0000000000000000
      1019  1.0000000000000000
      1020  1.0000000000000000
      1021  1.0000000000000000
      1022  1.0000000000000000
      1023  1.0000000000000000
      1024  1.0000000000000000
      1025  1.0000000000000000
      1026  1.0000000000000000
      1027  1.0000000000000000
      1028  1.0000000000000000
      1029  1.0000000000000000
      1030  1.0000000000000000
      1031  1.0000000000000000
      1032  1.0000000000000000
      1033  1.0000000000000000
      1034  1.0000000000000000
      1035  1.0000000000000000
      1036  1.0000000000000000
      1037  1.0000000000000000
      1038  1.0000000000000000
      1039  1.0000000000000000
      1040  1.0000000000000000
      1041  1.0000000000000000
      1042  1.0000000000000000
      1043  1.0000000000000000
      1044  1.0000000000000000
      1045  1.0000000000000000
      1046  1.0000000000000000
      1047  1.0000000000000000
      1048  1.0000000000000000
      1049  1.0000000000000000
      1050  1.0000000000000000
      1051  1.0000000000000000
      1052  1.0000000000000000
      1053  1.0000000000000000
      1054  1.0000000000000000
      1055  1.0000000000000000
      1056  1.0000000000000000
      1057  1.0000000000000000
      1058  1.0000000000000000
      1059  1.0000000000000000
      1060  1.0000000000000000
      1061  1.0000000000000000
      1062  1.0000000000000000
      1063  1.0000000000000000
      1064  1.0000000000000000
      1065  1.0000000000000000
      1066  1.0000000000000000
      1067  1.0000000000000000
      1068  1.0000000000000000
      1069  1.0000000000000000
      1070  1.0000000000000000
      1071  1.0000000000000000
      1072  1.0000000000000000
      1073  1.0000000000000000
      1074  1.0000000000000000
      1075  1.0000000000000000
      1076  1.0000000000000000
      1077  1.0000000000000000
      1078  1.0000000000000000
      1079  1.0000000000000000
      1080  1.0000000000000000
