         0  0.6000000000000000
         1  0.8288366421917556
         2  0.9382336030671036
         3  0.9624207576704332
         4  0.9639820442347367
         5  0.9606855974532876
         6  0.9548246621674615
         7  0.9478170924180603
         8  0.9397192564994750
         9  0.9304322755755319
        10  0.9198252498552333
        11  0.9077548450457974
        12  0.8940720613380113
        13  0.8786275199912440
        14  0.8612773761115277
        15  0.8418903969519987
        16  0.8203562961853441
        17  0.7965951487943929
        18  0.7705674587676475
        19  0.7422841901347752
        20  0.7118158259106612
        21  0.6792993369326105
        22  0.6449418851903967
        23  0.6090202107996256
        24  0.5718749897706576
        25  0.5338999895176606
        26  0.4955265201460988
        27  0.4572043630853914
        28  0.4193809097096197
        29  0.3824805346788666
        30  0.3468861894509520
        31  0.3129248420630561
        32  0.2808577949523847
        33  0.2508762200777160
        34  0.2231016002579267
        35  0.1975902683567534
        36  0.1743409463579494
        37  0.1533041078559714
        38  0.1343920770868832
        39  0.1174889754714529
        40  0.1024598763001768
        41  0.0891587702324649
        42  0.0774351583842582
        43  0.0671392513422158
        44  0.0581258639765315
        45  0.0502571616361862
        46  0.0434044427919350
        47  0.0374491471925248
        48  0.0322832658186857
        49  0.0278093079902893
        50  0.0239399551320511
        51  0.0205975064734525
        52  0.0177131981354531
        53  0.0152264572441149
        54  0.0130841361172327
        55  0.0112397580762230
        56  0.0096527958275121
        57  0.0082879957420277
        58  0.0071147552059213
        59  0.0061065560117944
        60  0.0052404540445642
        61  0.0044966232395110
        62  0.0038579508256013
        63  0.0033096800073445
        64  0.0028390959460156
        65  0.0024352508303717
        66  0.0020887239332761
        67  0.0017914127479456
        68  0.0015363515804847
        69  0.0013175543030134
        70  0.0011298782608347
        71  0.0009689066456594
        72  0.0008308469527178
        73  0.0007124434150458
        74  0.0006109015007038
        75  0.0005238229601947
        76  0.0004491498940531
        77  0.0003851166395605
        78  0.0003302084184892
        79  0.0002831258013739
        80  0.0002427541701173
        81  0.0002081374917535
        82  0.0001784557998711
        83  0.0001530058602191
        84  0.0001311845776248
        85  0.0001124747533718
        86  0.0000964328647493
        87  0.0000826785802475
        88  0.0000708857654399
        89  0.0000607747616142
        90  0.0000521057695195
        91  0.0000446731708913
        92  0.0000383006587343
        93  0.0000328370609877
        94  0.0000281527584479
        95  0.0000241366128478
        96  0.0000206933327031
        97  0.0000177412144260
        98  0.0000152102050020
        99  0.0000130402421371
       100  0.0000111798283857
       101  0.0000095848105395
       102  0.0000082173325044
       103  0.0000070449375598
       104  0.0000060397980975
       105  0.0000051780554522
       106  0.0000044392538977
       107  0.0000038058554638
       108  0.0000032628240942
       109  0.0000027972679051
       110  0.0000023981346156
       111  0.0000020559478929
       112  0.0000017625837750
       113  0.0000015110766701
       114  0.0000012954550973
       115  0.0000011105991676
       116  0.0000009521194249
       117  0.0000008162527513
       118  0.0000006997727907
       119  0.0000005999134167
       120  0.0000005143032455
       121  0.0000004409091512
       122  0.0000003779881050
       123  0.0000003240457512
       124  0.0000002778009446
       125  0.0000002381553222
       126  0.0000002041672463
       127  0.0000001750294185
       128  0.0000001500497338
       129  0.0000001286348481
       130  0.0000001102760718
       131  0.0000000945372949
       132  0.0000000810446346
       133  0.0000000694775687
       134  0.0000000595613050
       135  0.0000000510602635
       136  0.0000000437724808
       137  0.0000000375248131
       138  0.0000000321688243
       139  0.0000000275772603
       140  0.0000000236410267
       141  0.0000000202665974
       142  0.0000000173737929
       143  0.0000000148938763
       144  0.0000000127679200
       145  0.0000000109454059
       146  0.0000000093830257
       147  0.0000000080436518
       148  0.0000000068954552
       149  0.0000000059111496
       150  0.0000000050673429
       151  0.0000000043439817
       152  0.0000000037238741
       153  0.0000000031922828
       154  0.0000000027365735
       155  0.0000000023459148
       156  0.0000000020110216
       157  0.0000000017239334
       158  0.0000000014778278
       159  0.0000000012668533
       160  0.0000000010859965
       161  0.0000000009309574
       162  0.0000000007980509
       163  0.0000000006841176
       164  0.0000000005864491
       165  0.0000000005027237
       166  0.0000000004309508
       167  0.0000000003694244
       168  0.0000000003166816
       169  0.0000000002714685
       170  0.0000000002327103
       171  0.0000000001994854
       172  0.0000000001710039
       173  0.0000000001465887
       174  0.0000000001256592
       175  0.0000000001077179
       176  0.0000000000923380
       177  0.0000000000791540
       178  0.0000000000678523
       179  0.0000000000581642
       180  0.0000000000498593
       181  0.0000000000427402
       182  0.0000000000366375
       183  0.0000000000314062
       184  0.0000000000269218
       185  0.0000000000230777
       186  0.0000000000197824
       187  0.0000000000169577
       188  0.0000000000145363
       189  0.0000000000124606
       190  0.0000000000106813
       191  0.0000000000091561
       192  0.0000000000078487
       193  0.0000000000067279
       194  0.0000000000057672
       195  0.0000000000049436
       196  0.0000000000042377
       197  0.0000000000036325
       198  0.0000000000031138
       199  0.0000000000026692
       200  0.0000000000022880
       201  0.0000000000019613
       202  0.0000000000016812
       203  0.0000000000014411
       204  0.0000000000012353
       205  0.0000000000010589
       206  0.0000000000009077
       207  0.0000000000007781
       208  0.0000000000006669
       209  0.0000000000005717
       210  0.0000000000004901
       211  0.0000000000004201
       212  0.0000000000003601
       213  0.0000000000003087
       214  0.0000000000002646
       215  0.0000000000002268
       216  0.0000000000001944
       217  0.0000000000001666
       218  0.0000000000001428
       219  0.0000000000001224
       220  0.0000000000001050
       221  0.0000000000000900
       222  0.0000000000000771
       223  0.0000000000000661
       224  0.0000000000000567
       225  0.0000000000000486
       226  0.0000000000000416
       227  0.0000000000000357
       228  0.0000000000000306
       229  0.0000000000000262
       230  0.0000000000000225
       231  0.0000000000000193
       232  0.0000000000000165
       233  0.0000000000000142
       234  0.0000000000000121
       235  0.0000000000000104
       236  0.0000000000000089
       237  0.0000000000000076
       238  0.0000000000000065
       239  0.0000000000000056
       240  0.0000000000000048
       241  0.0000000000000041
       242  0.0000000000000035
       243  0.0000000000000030
       244  0.0000000000000026
       245  0.0000000000000022
       246  0.0000000000000019
       247  0.0000000000000016
       248  0.0000000000000014
       249  0.0000000000000012
       250  0.0000000000000010
       251  0.0000000000000009
       252  0.0000000000000008
       253  0.0000000000000006
       254  0.0000000000000006
       255  0.0000000000000005
       256  0.0000000000000004
       257  0.0000000000000004
       258  0.0000000000000003
       259  0.0000000000000003
       260  0.0000000000000002
       261  0.0000000000000002
       262  0.0000000000000002
       263  0.0000000000000001
       264  0.0000000000000001
       265  0.0000000000000001
       266  0.0000000000000001
       267  0.0000000000000001
       268  0.0000000000000001
       269  0.0000000000000001
       270  0.0000000000000000
       271  0.0000000000000000
       272  0.0000000000000000
       273  0.0000000000000000
       274  0.0000000000000000
       275  0.0000000000000000
       276  0.0000000000000000
       277  0.0000000000000000
       278  0.0000000000000000
       279  0.0000000000000000
       280  0.0000000000000000
