         0  0.3000000000000000
         1  0.3122971415846097
         2  0.3332732120781779
         3  0.3613330443453692
         4  0.3944403347438969
         5  0.4297133265575838
         6  0.4638529984473688
         7  0.4939513158570983
         8  0.5178117951343743
         9  0.5337284211060953
        10  0.5400122305455662
        11  0.5344229810807487
        12  0.5136114173053742
        13  0.4728857421760287
        14  0.4074978769113786
        15  0.3194463108169819
        16  0.2310753346370570
        17  0.1688721396381863
        18  0.1343827657492879
        19  0.1174278668408287
        20  0.1088091370929844
        21  0.1030763071976137
        22  0.0979450977731727
        23  0.0927703525596995
        24  0.0874480674814796
        25  0.0820003069764648
        26  0.0764750658512624
        27  0.0709272397867646
        28  0.0654140114305582
        29  0.0599921788596103
        30  0.0547157390795277
        31  0.0496336909433568
        32  0.0447882184206798
        33  0.0402133923994799
        34  0.0359344641592666
        35  0.0319677507531431
        36  0.0283210480327873
        37  0.0249944607503030
        38  0.0219815160168058
        39  0.0192704248950354
        40  0.0168453724311103
        41  0.0146877421839091
        42  0.0127772107392736
        43  0.0110926757852200
        44  0.0096130047173128
        45  0.0083176082248397
        46  0.0071868547393779
        47  0.0062023478970083
        48  0.0053470914325834
        49  0.0046055654310894
        50  0.0039637356590359
        51  0.0034090147007737
        52  0.0029301902787147
        53  0.0025173329659196
        54  0.0021616926489503
        55  0.0018555906841469
        56  0.0015923126296283
        57  0.0013660049554171
        58  0.0011715778033657
        59  0.0010046151278244
        60  0.0008612926783901
        61  0.0007383040215121
        62  0.0006327943423495
        63  0.0005423016576750
        64  0.0004647048887187
        65  0.0003981782220404
        66  0.0003411511646868
        67  0.0002922736877440
        68  0.0002503859024628
        69  0.0002144917395204
        70  0.0001837361382730
        71  0.0001573853520057
        72  0.0001348099022548
        73  0.0001154699002164
        74  0.0000989023936137
        75  0.0000847104745768
        76  0.0000725539111480
        77  0.0000621410938938
        78  0.0000532221139017
        79  0.0000455828226905
        80  0.0000390397251189
        81  0.0000334356096816
        82  0.0000286357879792
        83  0.0000245248747237
        84  0.0000210040260961
        85  0.0000179885710098
        86  0.0000154059816655
        87  0.0000131941340425
        88  0.0000112998162165
        89  0.0000096774510906
        90  0.0000082880017524
        91  0.0000070980333975
        92  0.0000060789096755
        93  0.0000052061042426
        94  0.0000044586117130
        95  0.0000038184408004
        96  0.0000032701840839
        97  0.0000028006450920
        98  0.0000023985220876
        99  0.0000020541360787
       100  0.0000017591971103
       101  0.0000015066059691
       102  0.0000012902823067
       103  0.0000011050188449
       104  0.0000009463560699
       105  0.0000008104744791
       106  0.0000006941032368
       107  0.0000005944409971
       108  0.0000005090886329
       109  0.0000004359914778
       110  0.0000003733898833
       111  0.0000003197768856
       112  0.0000002738618676
       113  0.0000002345395257
       114  0.0000002008632583
       115  0.0000001720223795
       116  0.0000001473226042
       117  0.0000001261693352
       118  0.0000001080533496
       119  0.0000000925385408
       120  0.0000000792514220
       121  0.0000000678721262
       122  0.0000000581267232
       123  0.0000000497806110
       124  0.0000000426328732
       125  0.0000000365114411
       126  0.0000000312689531
       127  0.0000000267792065
       128  0.0000000229341192
       129  0.0000000196411280
       130  0.0000000168209603
       131  0.0000000144057259
       132  0.0000000123372824
       133  0.0000000105658355
       134  0.0000000090487423
       135  0.0000000077494808
       136  0.0000000066367733
       137  0.0000000056838332
       138  0.0000000048677207
       139  0.0000000041687898
       140  0.0000000035702149
       141  0.0000000030575866
       142  0.0000000026185631
       143  0.0000000022425774
       144  0.0000000019205775
       145  0.0000000016448114
       146  0.0000000014086416
       147  0.0000000012063820
       148  0.0000000010331638
       149  0.0000000008848173
       150  0.0000000007577708
       151  0.0000000006489666
       152  0.0000000005557847
       153  0.0000000004759826
       154  0.0000000004076386
       155  0.0000000003491079
       156  0.0000000002989813
       157  0.0000000002560521
       158  0.0000000002192869
       159  0.0000000001878007
       160  0.0000000001608354
       161  0.0000000001377418
       162  0.0000000001179642
       163  0.0000000001010263
       164  0.0000000000865205
       165  0.0000000000740974
       166  0.0000000000634582
       167  0.0000000000543466
       168  0.0000000000465432
       169  0.0000000000398603
       170  0.0000000000341370
       171  0.0000000000292354
       172  0.0000000000250377
       173  0.0000000000214426
       174  0.0000000000183638
       175  0.0000000000157270
       176  0.0000000000134689
       177  0.0000000000115349
       178  0.0000000000098787
       179  0.0000000000084603
       180  0.0000000000072455
       181  0.0000000000062052
       182  0.0000000000053142
       183  0.0000000000045512
       184  0.0000000000038977
       185  0.0000000000033380
       186  0.0000000000028587
       187  0.0000000000024483
       188  0.0000000000020967
       189  0.0000000000017957
       190  0.0000000000015378
       191  0.0000000000013170
       192  0.0000000000011279
       193  0.0000000000009660
       194  0.0000000000008273
       195  0.0000000000007085
       196  0.0000000000006068
       197  0.0000000000005196
       198  0.0000000000004450
       199  0.0000000000003811
       200  0.0000000000003264
       201  0.0000000000002795
       202  0.0000000000002394
       203  0.0000000000002050
       204  0.0000000000001756
       205  0.0000000000001504
       206  0.0000000000001288
       207  0.0000000000001103
       208  0.0000000000000945
       209  0.0000000000000809
       210  0.0000000000000693
       211  0.0000000000000593
       212  0.0000000000000508
       213  0.0000000000000435
       214  0.0000000000000373
       215  0.0000000000000319
       216  0.0000000000000273
       217  0.0000000000000234
       218  0.0000000000000200
       219  0.0000000000000172
       220  0.0000000000000147
       221  0.0000000000000126
       222  0.0000000000000108
       223  0.0000000000000092
       224  0.0000000000000079
       225  0.0000000000000068
       226  0.0000000000000058
       227  0.0000000000000050
       228  0.0000000000000043
       229  0.0000000000000036
       230  0.0000000000000031
       231  0.0000000000000027
       232  0.0000000000000023
       233  0.0000000000000020
       234  0.0000000000000017
       235  0.0000000000000014
       236  0.0000000000000012
       237  0.0000000000000011
       238  0.0000000000000009
       239  0.0000000000000008
       240  0.0000000000000007
