         0  0.6000000000000000
         1  0.6670288270458238
         2  0.7183277361873126
         3  0.7572571130820303
         4  0.7870046918512141
         5  0.8100279046140586
         6  0.8281270990756409
         7  0.8426070670130205
         8  0.8544160785650189
         9  0.8642463114798273
        10  0.8726035710438999
        11  0.8798564908808084
        12  0.8862724599019965
        13  0.8920445279683652
        14  0.8973116868677539
        15  0.9021740293141209
        16  0.9067039066205472
        17  0.9109540096651002
        18  0.9149631419504864
        19  0.9187603025145847
        20  0.9223675548956248
        21  0.9258020363389847
        22  0.9290773638011407
        23  0.9322046189358896
        24  0.9351930399647880
        25  0.9380505094389522
        26  0.9407838996671519
        27  0.9433993185748053
        28  0.9459022856927216
        29  0.9482978588705951
        30  0.9505907261188502
        31  0.9527852726327835
        32  0.9548856300866471
        33  0.9568957132015756
        34  0.9588192471364680
        35  0.9606597882375295
        36  0.9624207399621687
        37  0.9641053652845241
        38  0.9657167965278612
        39  0.9672580433066286
        40  0.9687319990865976
        41  0.9701414467095719
        42  0.9714890631684919
        43  0.9727774238152178
        44  0.9740090061486681
        45  0.9751861932865817
        46  0.9763112771988063
        47  0.9773864617530235
        48  0.9784138656245553
        49  0.9793955250875975
        50  0.9803333967050004
        51  0.9812293599598998
        52  0.9820852197955882
        53  0.9829027091080993
        54  0.9836834911711561
        55  0.9844291620309140
        56  0.9851412528072037
        57  0.9858212319710140
        58  0.9864705075780092
        59  0.9870904294105083
        60  0.9876822911232214
        61  0.9882473322685460
        62  0.9887867403312471
        63  0.9893016526856475
        64  0.9897931584816037
        65  0.9902623004921730
        66  0.9907100769224089
        67  0.9911374431383571
        68  0.9915453133562797
        69  0.9919345622762090
        70  0.9923060266643809
        71  0.9926605068713715
        72  0.9929987683430218
        73  0.9933215429973783
        74  0.9936295306331726
        75  0.9939234002645361
        76  0.9942037913967647
        77  0.9944713152399537
        78  0.9947265559112598
        79  0.9949700716052108
        80  0.9952023956373105
        81  0.9954240375766976
        82  0.9956354841974931
        83  0.9958372004932766
        84  0.9960296306060721
        85  0.9962131987329914
        86  0.9963883099924251
        87  0.9965553512516311
        88  0.9967146919273964
        89  0.9968666847499195
        90  0.9970116664969505
        91  0.9971499586966603
        92  0.9972818683057743
        93  0.9974076883332905
        94  0.9975276985048183
        95  0.9976421657987135
        96  0.9977513450539615
        97  0.9978554795019333
        98  0.9979548012657017
        99  0.9980495319013920
       100  0.9981398828165595
       101  0.9982260557808438
       102  0.9983082433252036
       103  0.9983866291566383
       104  0.9984613885807900
       105  0.9985326888791901
       106  0.9986006896499773
       107  0.9986655431604590
       108  0.9987273946982060
       109  0.9987863828868394
       110  0.9988426399694385
       111  0.9988962921073719
       112  0.9989474596618509
       113  0.9989962574569164
       114  0.9990427950319762
       115  0.9990871768830233
       116  0.9991295026930236
       117  0.9991698675517499
       118  0.9992083621636176
       119  0.9992450730464831
       120  0.9992800827345381
       121  0.9993134699542092
       122  0.9993453097949231
       123  0.9993756738813923
       124  0.9994046305312706
       125  0.9994322449074547
       126  0.9994585791606990
       127  0.9994836925729441
       128  0.9995076416854209
       129  0.9995304804249724
       130  0.9995522602257950
       131  0.9995730301444408
       132  0.9995928369692655
       133  0.9996117253211015
       134  0.9996297377614979
       135  0.9996469148781293
       136  0.9996632953840383
       137  0.9996789161980163
       138  0.9996938125311380
       139  0.9997080179657254
       140  0.9997215645271452
       141  0.9997344827576933
       142  0.9997468017861224
       143  0.9997585493928480
       144  0.9997697520721173
       145  0.9997804350899612
       146  0.9997906225408191
       147  0.9998003374049227
       148  0.9998096015944647
       149  0.9998184360099842
       150  0.9998268605820871
       151  0.9998348943177390
       152  0.9998425553430116
       153  0.9998498609438566
       154  0.9998568276049968
       155  0.9998634710470202
       156  0.9998698062617624
       157  0.9998758475460526
       158  0.9998816085339017
       159  0.9998871022261011
       160  0.9998923410236322
       161  0.9998973367501582
       162  0.9999021006811879
       163  0.9999066435697049
       164  0.9999109756700694
       165  0.9999151067610538
       166  0.9999190461679618
       167  0.9999228027837718
       168  0.9999263850885545
       169  0.9999298011694101
       170  0.9999330587385208
       171  0.9999361651500592
       172  0.9999391274171479
       173  0.9999419522276271
       174  0.9999446459591115
       175  0.9999472146933860
       176  0.9999496642302412
       177  0.9999520000999640
       178  0.9999542275766895
       179  0.9999563516900752
       180  0.9999583772359373
       181  0.9999603087878823
       182  0.9999621507073368
       183  0.9999639071533464
       184  0.9999655820919461
       185  0.9999671793051925
       186  0.9999687023997706
       187  0.9999701548149884
       188  0.9999715398303383
       189  0.9999728605733941
       190  0.9999741200267951
       191  0.9999753210345154
       192  0.9999764663084678
       193  0.9999775584349350
       194  0.9999785998804744
       195  0.9999795929966485
       196  0.9999805400260842
       197  0.9999814431073774
       198  0.9999823042799251
       199  0.9999831254883724
       200  0.9999839085876873
       201  0.9999846553461202
       202  0.9999853674500391
       203  0.9999860465075978
       204  0.9999866940523314
       205  0.9999873115465919
       206  0.9999879003849100
       207  0.9999884618970782
       208  0.9999889973511907
       209  0.9999895079564904
       210  0.9999899948661207
       211  0.9999904591797038
       212  0.9999909019458949
       213  0.9999913241644431
       214  0.9999917267890952
       215  0.9999921107290548
       216  0.9999924768513717
       217  0.9999928259829575
       218  0.9999931589123136
       219  0.9999934763912685
       220  0.9999937791368390
       221  0.9999940678327934
       222  0.9999943431311085
       223  0.9999946056535276
       224  0.9999948559929412
       225  0.9999950947147267
       226  0.9999953223580237
       227  0.9999955394369530
       228  0.9999957464417766
       229  0.9999959438400056
       230  0.9999961320774552
       231  0.9999963115792629
       232  0.9999964827508258
       233  0.9999966459787172
       234  0.9999968016315752
       235  0.9999969500609344
       236  0.9999970916020188
       237  0.9999972265744981
       238  0.9999973552832085
       239  0.9999974780188451
       240  0.9999975950586041
       241  0.9999977066668160
       242  0.9999978130955396
       243  0.9999979145851416
       244  0.9999980113648370
       245  0.9999981036532046
       246  0.9999981916586621
       247  0.9999982755799887
       248  0.9999983556067000
       249  0.9999984319195545
       250  0.9999985046908869
       251  0.9999985740850840
       252  0.9999986402588097
       253  0.9999987033615638
       254  0.9999987635358597
       255  0.9999988209175953
       256  0.9999988756363667
       257  0.9999989278157583
       258  0.9999989775736121
       259  0.9999990250223119
       260  0.9999990702690131
       261  0.9999991134159157
       262  0.9999991545604564
       263  0.9999991937955710
       264  0.9999992312098643
       265  0.9999992668878381
       266  0.9999993009100711
       267  0.9999993333534025
       268  0.9999993642911059
       269  0.9999993937930544
       270  0.9999994219258784
       271  0.9999994487531163
       272  0.9999994743353580
       273  0.9999994987303988
       274  0.9999995219933027
       275  0.9999995441766054
       276  0.9999995653304395
       277  0.9999995855025828
       278  0.9999996047385599
       279  0.9999996230818337
       280  0.9999996405738356
       281  0.9999996572540740
       282  0.9999996731602167
       283  0.9999996883281876
       284  0.9999997027922449
       285  0.9999997165850553
       286  0.9999997297377687
       287  0.9999997422800908
       288  0.9999997542403489
       289  0.9999997656455569
       290  0.9999997765214731
       291  0.9999997868926599
       292  0.9999997967825431
       293  0.9999998062134543
       294  0.9999998152066956
       295  0.9999998237825787
       296  0.9999998319604724
       297  0.9999998397588469
       298  0.9999998471953151
       299  0.9999998542866726
       300  0.9999998610489348
       301  0.9999998674973740
       302  0.9999998736465542
       303  0.9999998795103667
       304  0.9999998851020433
       305  0.9999998904342264
       306  0.9999998955189570
       307  0.9999999003677096
       308  0.9999999049914406
       309  0.9999999094006001
       310  0.9999999136051365
       311  0.9999999176145449
       312  0.9999999214378891
       313  0.9999999250838010
       314  0.9999999285605092
       315  0.9999999318758707
       316  0.9999999350373771
       317  0.9999999380521619
       318  0.9999999409270340
       319  0.9999999436684915
       320  0.9999999462827236
       321  0.9999999487756345
       322  0.9999999511528543
       323  0.9999999534197522
       324  0.9999999555814481
       325  0.9999999576428240
       326  0.9999999596085355
       327  0.9999999614830223
       328  0.9999999632705179
       329  0.9999999649750594
       330  0.9999999666004966
       331  0.9999999681505005
       332  0.9999999696285718
       333  0.9999999710380489
       334  0.9999999723821150
       335  0.9999999736638059
       336  0.9999999748860166
       337  0.9999999760515059
       338  0.9999999771629069
       339  0.9999999782227309
       340  0.9999999792333708
       341  0.9999999801971082
       342  0.9999999811161202
       343  0.9999999819924836
       344  0.9999999828281767
       345  0.9999999836250864
       346  0.9999999843850129
       347  0.9999999851096736
       348  0.9999999858007049
       349  0.9999999864596644
       350  0.9999999870880457
       351  0.9999999876872626
       352  0.9999999882586726
       353  0.9999999888035642
       354  0.9999999893231677
       355  0.9999999898186591
       356  0.9999999902911537
       357  0.9999999907417227
       358  0.9999999911713802
       359  0.9999999915810986
       360  0.9999999919718030
       361  0.9999999923443755
       362  0.9999999926996578
       363  0.9999999930384521
       364  0.9999999933615236
       365  0.9999999936696020
       366  0.9999999939633832
       367  0.9999999942435306
       368  0.9999999945106769
       369  0.9999999947654253
       370  0.9999999950083515
       371  0.9999999952400039
       372  0.9999999954609059
       373  0.9999999956715562
       374  0.9999999958724306
       375  0.9999999960639828
       376  0.9999999962466455
       377  0.9999999964208315
       378  0.9999999965869333
       379  0.9999999967453269
       380  0.9999999968963700
       381  0.9999999970404031
       382  0.9999999971777521
       383  0.9999999973087271
       384  0.9999999974336236
       385  0.9999999975527241
       386  0.9999999976662973
       387  0.9999999977745997
       388  0.9999999978778762
       389  0.9999999979763596
       390  0.9999999980702727
       391  0.9999999981598277
       392  0.9999999982452263
       393  0.9999999983266622
       394  0.9999999984043182
       395  0.9999999984783708
       396  0.9999999985489864
       397  0.9999999986163253
       398  0.9999999986805386
       399  0.9999999987417721
       400  0.9999999988001640
       401  0.9999999988558460
       402  0.9999999989089439
       403  0.9999999989595776
       404  0.9999999990078615
       405  0.9999999990539048
       406  0.9999999990978111
       407  0.9999999991396800
       408  0.9999999991796057
       409  0.9999999992176786
       410  0.9999999992539845
       411  0.9999999992886056
       412  0.9999999993216200
       413  0.9999999993531022
       414  0.9999999993831236
       415  0.9999999994117517
       416  0.9999999994390509
       417  0.9999999994650836
       418  0.9999999994899079
       419  0.9999999995135803
       420  0.9999999995361540
       421  0.9999999995576803
       422  0.9999999995782074
       423  0.9999999995977820
       424  0.9999999996164481
       425  0.9999999996342480
       426  0.9999999996512218
       427  0.9999999996674079
       428  0.9999999996828428
       429  0.9999999996975615
       430  0.9999999997115970
       431  0.9999999997249812
       432  0.9999999997377443
       433  0.9999999997499152
       434  0.9999999997615211
       435  0.9999999997725884
       436  0.9999999997831421
       437  0.9999999997932061
       438  0.9999999998028030
       439  0.9999999998119545
       440  0.9999999998206813
       441  0.9999999998290031
       442  0.9999999998369388
       443  0.9999999998445060
       444  0.9999999998517223
       445  0.9999999998586035
       446  0.9999999998651654
       447  0.9999999998714229
       448  0.9999999998773899
       449  0.9999999998830800
       450  0.9999999998885060
       451  0.9999999998936802
       452  0.9999999998986143
       453  0.9999999999033194
       454  0.9999999999078062
       455  0.9999999999120847
       456  0.9999999999161647
       457  0.9999999999200553
       458  0.9999999999237654
       459  0.9999999999273033
       460  0.9999999999306770
       461  0.9999999999338941
       462  0.9999999999369620
       463  0.9999999999398874
       464  0.9999999999426772
       465  0.9999999999453374
       466  0.9999999999478741
       467  0.9999999999502932
       468  0.9999999999526000
       469  0.9999999999547997
       470  0.9999999999568974
       471  0.9999999999588978
       472  0.9999999999608052
       473  0.9999999999626241
       474  0.9999999999643587
       475  0.9999999999660127
       476  0.9999999999675900
       477  0.9999999999690941
       478  0.9999999999705284
       479  0.9999999999718961
       480  0.9999999999732003
       481  0.9999999999744441
       482  0.9999999999756300
       483  0.9999999999767610
       484  0.9999999999778395
       485  0.9999999999788679
       486  0.9999999999798487
       487  0.9999999999807838
       488  0.9999999999816755
       489  0.9999999999825260
       490  0.9999999999833369
       491  0.9999999999841103
       492  0.9999999999848477
       493  0.9999999999855508
       494  0.9999999999862214
       495  0.9999999999868608
       496  0.9999999999874706
       497  0.9999999999880521
       498  0.9999999999886066
       499  0.9999999999891352
       500  0.9999999999896395
       501  0.9999999999901203
       502  0.9999999999905788
       503  0.9999999999910161
       504  0.9999999999914330
       505  0.9999999999918305
       506  0.9999999999922097
       507  0.9999999999925712
       508  0.9999999999929160
       509  0.9999999999932447
       510  0.9999999999935582
       511  0.9999999999938571
       512  0.9999999999941422
       513  0.9999999999944141
       514  0.9999999999946733
       515  0.9999999999949205
       516  0.9999999999951562
       517  0.9999999999953810
       518  0.9999999999955954
       519  0.9999999999957998
       520  0.9999999999959948
       521  0.9999999999961806
       522  0.9999999999963578
       523  0.9999999999965269
       524  0.9999999999966881
       525  0.9999999999968417
       526  0.9999999999969883
       527  0.9999999999971281
       528  0.9999999999972614
       529  0.9999999999973884
       530  0.9999999999975097
       531  0.9999999999976252
       532  0.9999999999977355
       533  0.9999999999978405
       534  0.9999999999979408
       535  0.9999999999980363
       536  0.9999999999981275
       537  0.9999999999982143
       538  0.9999999999982973
       539  0.9999999999983762
       540  0.9999999999984516
       541  0.9999999999985234
       542  0.9999999999985920
       543  0.9999999999986573
       544  0.9999999999987196
       545  0.9999999999987791
       546  0.9999999999988357
       547  0.9999999999988898
       548  0.9999999999989413
       549  0.9999999999989904
       550  0.9999999999990372
       551  0.9999999999990820
       552  0.9999999999991246
       553  0.9999999999991652
       554  0.9999999999992039
       555  0.9999999999992408
       556  0.9999999999992761
       557  0.9999999999993097
       558  0.9999999999993417
       559  0.9999999999993723
       560  0.9999999999994014
       561  0.9999999999994292
       562  0.9999999999994557
       563  0.9999999999994810
       564  0.9999999999995051
       565  0.9999999999995280
       566  0.9999999999995499
       567  0.9999999999995708
       568  0.9999999999995907
       569  0.9999999999996096
       570  0.9999999999996279
       571  0.9999999999996451
       572  0.9999999999996616
       573  0.9999999999996773
       574  0.9999999999996922
       575  0.9999999999997066
       576  0.9999999999997201
       577  0.9999999999997331
       578  0.9999999999997455
       579  0.9999999999997573
       580  0.9999999999997686
       581  0.9999999999997793
       582  0.9999999999997896
       583  0.9999999999997994
       584  0.9999999999998086
       585  0.9999999999998175
       586  0.9999999999998260
       587  0.9999999999998340
       588  0.9999999999998418
       589  0.9999999999998491
       590  0.9999999999998561
       591  0.9999999999998628
       592  0.9999999999998692
       593  0.9999999999998752
       594  0.9999999999998810
       595  0.9999999999998865
       596  0.9999999999998919
       597  0.9999999999998969
       598  0.9999999999999016
       599  0.9999999999999062
       600  0.9999999999999105
       601  0.9999999999999147
       602  0.9999999999999186
       603  0.9999999999999224
       604  0.9999999999999261
       605  0.9999999999999295
       606  0.9999999999999327
       607  0.9999999999999358
       608  0.9999999999999388
       609  0.9999999999999417
       610  0.9999999999999444
       611  0.9999999999999469
       612  0.9999999999999494
       613  0.9999999999999518
       614  0.9999999999999540
       615  0.9999999999999561
       616  0.9999999999999581
       617  0.9999999999999601
       618  0.9999999999999619
       619  0.9999999999999637
       620  0.9999999999999654
       621  0.9999999999999670
       622  0.9999999999999686
       623  0.9999999999999700
       624  0.9999999999999714
       625  0.9999999999999727
       626  0.9999999999999740
       627  0.9999999999999752
       628  0.9999999999999764
       629  0.9999999999999775
       630  0.9999999999999785
       631  0.9999999999999795
       632  0.9999999999999805
       633  0.9999999999999813
       634  0.9999999999999822
       635  0.9999999999999830
       636  0.9999999999999838
       637  0.9999999999999846
       638  0.9999999999999853
       639  0.9999999999999860
       640  0.9999999999999867
       641  0.9999999999999872
       642  0.9999999999999878
       643  0.9999999999999885
       644  0.9999999999999889
       645  0.9999999999999895
       646  0.9999999999999899
       647  0.9999999999999905
       648  0.9999999999999909
       649  0.9999999999999912
       650  0.9999999999999917
       651  0.9999999999999921
       652  0.9999999999999925
       653  0.9999999999999928
       654  0.9999999999999931
       655  0.9999999999999934
       656  0.9999999999999938
       657  0.9999999999999940
       658  0.9999999999999943
       659  0.9999999999999946
       660  0.9999999999999948
       661  0.9999999999999951
       662  0.9999999999999953
       663  0.9999999999999956
       664  0.9999999999999958
       665  0.9999999999999959
       666  0.9999999999999961
       667  0.9999999999999963
       668  0.9999999999999964
       669  0.9999999999999967
       670  0.9999999999999968
       671  0.9999999999999969
       672  0.9999999999999971
       673  0.9999999999999972
       674  0.9999999999999973
       675  0.9999999999999974
       676  0.9999999999999976
       677  0.9999999999999977
       678  0.9999999999999978
       679  0.9999999999999979
       680  0.9999999999999980
       681  0.9999999999999981
       682  0.9999999999999982
       683  0.9999999999999982
       684  0.9999999999999983
       685  0.9999999999999984
       686  0.9999999999999984
       687  0.9999999999999986
       688  0.9999999999999987
       689  0.9999999999999987
       690  0.9999999999999988
       691  0.9999999999999988
       692  0.9999999999999989
       693  0.9999999999999989
       694  0.9999999999999990
       695  0.9999999999999990
       696  0.9999999999999991
       697  0.9999999999999991
       698  0.9999999999999991
       699  0.9999999999999992
       700  0.9999999999999992
       701  0.9999999999999992
       702  0.9999999999999993
       703  0.9999999999999993
       704  0.9999999999999993
       705  0.9999999999999994
       706  0.9999999999999994
       707  0.9999999999999994
       708  0.9999999999999994
       709  0.9999999999999994
       710  0.9999999999999996
       711  0.9999999999999996
       712  0.9999999999999996
       713  0.9999999999999996
       714  0.9999999999999996
       715  0.9999999999999997
       716  0.9999999999999997
       717  0.9999999999999997
       718  0.9999999999999997
       719  0.9999999999999997
       720  0.9999999999999997
       721  0.9999999999999997
       722  0.9999999999999998
       723  0.9999999999999998
       724  0.9999999999999998
       725  0.9999999999999998
       726  0.9999999999999998
       727  0.9999999999999998
       728  0.9999999999999998
       729  0.9999999999999998
       730  0.9999999999999998
       731  0.9999999999999998
       732  0.9999999999999998
       733  0.9999999999999999
       734  0.9999999999999999
       735  0.9999999999999999
       736  0.9999999999999999
       737  0.9999999999999999
       738  0.9999999999999999
       739  0.9999999999999999
       740  0.9999999999999999
       741  0.9999999999999999
       742  0.9999999999999999
       743  0.9999999999999999
       744  0.9999999999999999
       745  0.9999999999999999
       746  0.9999999999999999
       747  0.9999999999999999
       748  0.9999999999999999
       749  0.9999999999999999
       750  0.9999999999999999
       751  0.9999999999999999
       752  0.9999999999999999
       753  0.9999999999999999
       754  0.9999999999999999
       755  0.9999999999999999
       756  1.0000000000000000
       757  1.0000000000000000
       758  1.0000000000000000
       759  1.0000000000000000
       760  1.0000000000000000
       761  1.0000000000000000
       762  1.0000000000000000
       763  1.0000000000000000
       764  1.0000000000000000
       765  1.0000000000000000
       766  1.0000000000000000
       767  1.0000000000000000
       768  1.0000000000000000
       769  1.0000000000000000
       770  1.0000000000000000
       771  1.0000000000000000
       772  1.0000000000000000
       773  1.0000000000000000
       774  1.0000000000000000
       775  1.0000000000000000
       776  1.0000000000000000
       777  1.0000000000000000
       778  1.0000000000000000
       779  1.0000000000000000
       780  1.0000000000000000
       781  1.0000000000000000
       782  1.0000000000000000
       783  1.0000000000000000
       784  1.0000000000000000
       785  1.0000000000000000
       786  1.0000000000000000
       787  1.0000000000000000
       788  1.0000000000000000
       789  1.0000000000000000
       790  1.0000000000000000
       791  1.0000000000000000
       792  1.0000000000000000
       793  1.0000000000000000
       794  1.0000000000000000
       795  1.0000000000000000
       796  1.0000000000000000
       797  1.0000000000000000
       798  1.0000000000000000
       799  1.0000000000000000
       800  1.0000000000000000
       801  1.0000000000000000
       802  1.0000000000000000
       803  1.0000000000000000
       804  1.0000000000000000
       805  1.0000000000000000
       806  1.0000000000000000
       807  1.0000000000000000
       808  1.0000000000000000
       809  1.0000000000000000
       810  1.0000000000000000
       811  1.0000000000000000
       812  1.0000000000000000
       813  1.0000000000000000
       814  1.0000000000000000
       815  1.0000000000000000
       816  1.0000000000000000
       817  1.0000000000000000
       818  1.0000000000000000
       819  1.0000000000000000
       820  1.0000000000000000
       821  1.0000000000000000
       822  1.0000000000000000
       823  1.0000000000000000
       824  1.0000000000000000
       825  1.0000000000000000
       826  1.0000000000000000
       827  1.0000000000000000
       828  1.0000000000000000
       829  1.0000000000000000
       830  1.0000000000000000
       831  1.0000000000000000
       832  1.0000000000000000
       833  1.0000000000000000
       834  1.0000000000000000
       835  1.0000000000000000
       836  1.0000000000000000
       837  1.0000000000000000
       838  1.0000000000000000
       839  1.0000000000000000
       840  1.0000000000000000
       841  1.0000000000000000
       842  1.0000000000000000
       843  1.0000000000000000
       844  1.0000000000000000
       845  1.0000000000000000
       846  1.0000000000000000
       847  1.0000000000000000
       848  1.0000000000000000
       849  1.0000000000000000
       850  1.0000000000000000
       851  1.0000000000000000
       852  1.0000000000000000
       853  1.0000000000000000
       854  1.0000000000000000
       855  1.0000000000000000
       856  1.0000000000000000
       857  1.0000000000000000
       858  1.0000000000000000
       859  1.0000000000000000
       860  1.0000000000000000
       861  1.0000000000000000
       862  1.0000000000000000
       863  1.0000000000000000
       864  1.0000000000000000
       865  1.0000000000000000
       866  1.0000000000000000
       867  1.0000000000000000
       868  1.0000000000000000
       869  1.0000000000000000
       870  1.0000000000000000
       871  1.0000000000000000
       872  1.0000000000000000
       873  1.0000000000000000
       874  1.0000000000000000
       875  1.0000000000000000
       876  1.0000000000000000
       877  1.0000000000000000
       878  1.0000000000000000
       879  1.0000000000000000
       880  1.0000000000000000
       881  1.0000000000000000
       882  1.0000000000000000
       883  1.0000000000000000
       884  1.0000000000000000
       885  1.0000000000000000
       886  1.0000000000000000
       887  1.0000000000000000
       888  1.0000000000000000
       889  1.0000000000000000
       890  1.0000000000000000
       891  1.0000000000000000
       892  1.0000000000000000
       893  1.0000000000000000
       894  1.0000000000000000
       895  1.0000000000000000
       896  1.0000000000000000
       897  1.0000000000000000
       898  1.0000000000000000
       899  1.0000000000000000
       900  1.0000000000000000
       901  1.0000000000000000
       902  1.0000000000000000
       903  1.0000000000000000
       904  1.0000000000000000
       905  1.0000000000000000
       906  1.0000000000000000
       907  1.0000000000000000
       908  1.0000000000000000
       909  1.0000000000000000
       910  1.0000000000000000
       911  1.0000000000000000
       912  1.0000000000000000
       913  1.0000000000000000
       914  1.0000000000000000
       915  1.0000000000000000
       916  1.0000000000000000
       917  1.0000000000000000
       918  1.0000000000000000
       919  1.0000000000000000
       920  1.0000000000000000
       921  1.0000000000000000
       922  1.0000000000000000
       923  1.0000000000000000
       924  1.0000000000000000
       925  1.0000000000000000
       926  1.0000000000000000
       927  1.0000000000000000
       928  1.0000000000000000
       929  1.0000000000000000
       930  1.0000000000000000
       931  1.0000000000000000
       932  1.0000000000000000
       933  1.0000000000000000
       934  1.0000000000000000
       935  1.0000000000000000
       936  1.0000000000000000
       937  1.0000000000000000
       938  1.0000000000000000
       939  1.0000000000000000
       940  1.0000000000000000
       941  1.0000000000000000
       942  1.0000000000000000
       943  1.0000000000000000
       944  1.0000000000000000
       945  1.0000000000000000
       946  1.0000000000000000
       947  1.0000000000000000
       948  1.0000000000000000
       949  1.0000000000000000
       950  1.0000000000000000
       951  1.0000000000000000
       952  1.0000000000000000
       953  1.0000000000000000
       954  1.0000000000000000
       955  1.0000000000000000
       956  1.0000000000000000
       957  1.0000000000000000
       958  1.0000000000000000
       959  1.0000000000000000
       960  1.0000000000000000
       961  1.0000000000000000
       962  1.0000000000000000
       963  1.0000000000000000
       964  1.0000000000000000
       965  1.0000000000000000
       966  1.0000000000000000
       967  1.0000000000000000
       968  1.0000000000000000
       969  1.0000000000000000
       970  1.0000000000000000
       971  1.0000000000000000
       972  1.0000000000000000
       973  1.0000000000000000
       974  1.0000000000000000
       975  1.0000000000000000
       976  1.0000000000000000
       977  1.0000000000000000
       978  1.0000000000000000
       979  1.0000000000000000
       980  1.0000000000000000
       981  1.0000000000000000
       982  1.0000000000000000
       983  1.0000000000000000
       984  1.0000000000000000
       985  1.0000000000000000
       986  1.0000000000000000
       987  1.0000000000000000
       988  1.0000000000000000
       989  1.0000000000000000
       990  1.0000000000000000
       991  1.0000000000000000
       992  1.0000000000000000
       993  1.0000000000000000
       994  1.0000000000000000
       995  1.0000000000000000
       996  1.0000000000000000
       997  1.0000000000000000
       998  1.0000000000000000
       999  1.0000000000000000
      1000  1.0000000000000000
      1010  1.0000000000000000
      1020  1.0000000000000000
      1030  1.0000000000000000
      1040  1.0000000000000000
      1050  1.0000000000000000
      1060  1.0000000000000000
      1070  1.0000000000000000
      1080  1.0000000000000000
      1090  1.0000000000000000
      1100  1.0000000000000000
