         0  0.6000000000000000
         1  0.5575705469122774
         2  0.5142607633592688
         3  0.4707246359195022
         4  0.4276248016065340
         5  0.3855956555712564
         6  0.3452084116338250
         7  0.3069431432556833
         8  0.2711708518363485
         9  0.2381465939536132
        10  0.2080129509374506
        11  0.1808120059122707
        12  0.1565038267148800
        13  0.1349908016085148
        14  0.1161522034355318
        15  0.0999121715821225
        16  0.0864503644936258
        17  0.0771267016746352
        18  0.0773966247381291
        19  0.0762870114846382
        20  0.0831858768496716
        21  0.0945736787400356
        22  0.1053034329651747
        23  0.1147116683720952
        24  0.1228696757408285
        25  0.1302212735739353
        26  0.1372245526865236
        27  0.1441851418109517
        28  0.1512696459825265
        29  0.1585614893680898
        30  0.1661017061563094
        31  0.1739110150946143
        32  0.1820004926684985
        33  0.1903764835624993
        34  0.1990427968413471
        35  0.2080016608257672
        36  0.2172541180332802
        37  0.2268001698735915
        38  0.2366388109910247
        39  0.2467680164945173
        40  0.2571847108998495
        41  0.2678847322013203
        42  0.2788627975908164
        43  0.2901124742533530
        44  0.3016261572537763
        45  0.3133950558658574
        46  0.3254091893448300
        47  0.3376573929180088
        48  0.3501273346040459
        49  0.3628055432807686
        50  0.3756774482788753
        51  0.3887274305551861
        52  0.4019388853343210
        53  0.4152942958981742
        54  0.4287753179660110
        55  0.4423628739605616
        56  0.4560372562021847
        57  0.4697782379149789
        58  0.4835651907799013
        59  0.4973772075946619
        60  0.5111932285186920
        61  0.5249921692882211
        62  0.5387530497453510
        63  0.5524551210321190
        64  0.5660779897814300
        65  0.5796017377956205
        66  0.5930070356931212
        67  0.6062752492143527
        68  0.6193885369795142
        69  0.6323299387416674
        70  0.6450834532605884
        71  0.6576341052214706
        72  0.6699680007912664
        73  0.6820723716050269
        74  0.6939356071734317
        75  0.7055472759204785
        76  0.7168981351672844
        77  0.7279801306082481
        78  0.7387863858934346
        79  0.7493111830343322
        80  0.7595499345403185
        81  0.7694991481286770
        82  0.7791563849144473
        83  0.7885202120805375
        84  0.7975901509501772
        85  0.8063666213956486
        86  0.8148508834687557
        87  0.8230449771423600
        88  0.8309516608536645
        89  0.8385743497077567
        90  0.8459170539696439
        91  0.8529843182482307
        92  0.8597811622018309
        93  0.8663130229302091
        94  0.8725856996742429
        95  0.8786053006373782
        96  0.8843781930185272
        97  0.8899109553715653
        98  0.8952103334012556
        99  0.9002831985260165
       100  0.9051365096613799
       101  0.9097772780806535
       102  0.9142125352677739
       103  0.9184493037628984
       104  0.9224945708720994
       105  0.9263552651395964
       106  0.9300382354490272
       107  0.9335502326200145
       108  0.9368978933569191
       109  0.9400877263980020
       110  0.9431261007138135
       111  0.9460192356062297
       112  0.9487731925536587
       113  0.9513938686662070
       114  0.9538869916022702
       115  0.9562581157924599
       116  0.9585126199148392
       117  0.9606557053624918
       118  0.9626923957732105
       119  0.9646275372837283
       120  0.9664657996476156
