         0  0.6000000000000000
         1  0.6496001576406273
         2  0.6982136600438704
         3  0.7416410158357523
         4  0.7793719565558357
         5  0.8123875610974853
         6  0.8419627414151587
         7  0.8688203335516477
         8  0.8910095291666548
         9  0.8945544406767993
        10  0.8496077191547825
        11  0.7524964943976771
        12  0.6172370197088075
        13  0.4634640402432615
        14  0.3175555933366710
        15  0.2008444208563659
        16  0.1197177820805764
        17  0.0686768665946361
        18  0.0385298999919421
        19  0.0213673946320610
        20  0.0117903148512047
        21  0.0064988664044452
        22  0.0035870776210613
        23  0.0019857111854282
        24  0.0011036813488061
        25  0.0006164484896741
        26  0.0003462508982905
        27  0.0001957077849987
        28  0.0001113798647108
        29  0.0000638591472541
        30  0.0000369036642299
        31  0.0000215044947821
        32  0.0000126401513358
        33  0.0000074963648525
        34  0.0000044863799038
        35  0.0000027096793668
        36  0.0000016515997382
        37  0.0000010157966051
        38  0.0000006302885262
        39  0.0000003944475815
        40  0.0000002488972089
        41  0.0000001582991020
        42  0.0000001014380203
        43  0.0000000654663372
        44  0.0000000425364303
        45  0.0000000278140414
        46  0.0000000182965062
        47  0.0000000121038353
        48  0.0000000080498633
        49  0.0000000053806601
        50  0.0000000036136515
        51  0.0000000024378874
        52  0.0000000016517394
        53  0.0000000011236822
        54  0.0000000007674367
        55  0.0000000005261021
        56  0.0000000003619635
        57  0.0000000002499038
        58  0.0000000001731194
        59  0.0000000001203208
        60  0.0000000000838918
        61  0.0000000000586744
        62  0.0000000000411620
        63  0.0000000000289625
        64  0.0000000000204383
        65  0.0000000000144642
        66  0.0000000000102653
        67  0.0000000000073056
        68  0.0000000000052135
        69  0.0000000000037305
        70  0.0000000000026765
        71  0.0000000000019254
        72  0.0000000000013887
        73  0.0000000000010041
        74  0.0000000000007279
        75  0.0000000000005290
        76  0.0000000000003855
        77  0.0000000000002815
        78  0.0000000000002061
        79  0.0000000000001513
        80  0.0000000000001113
        81  0.0000000000000821
        82  0.0000000000000607
        83  0.0000000000000450
        84  0.0000000000000334
        85  0.0000000000000249
        86  0.0000000000000186
        87  0.0000000000000139
        88  0.0000000000000104
        89  0.0000000000000078
        90  0.0000000000000059
        91  0.0000000000000044
        92  0.0000000000000034
        93  0.0000000000000025
        94  0.0000000000000019
        95  0.0000000000000015
        96  0.0000000000000011
        97  0.0000000000000009
        98  0.0000000000000007
        99  0.0000000000000005
       100  0.0000000000000004
       101  0.0000000000000003
       102  0.0000000000000002
       103  0.0000000000000002
       104  0.0000000000000001
       105  0.0000000000000001
       106  0.0000000000000001
       107  0.0000000000000001
       108  0.0000000000000001
       109  0.0000000000000000
       110  0.0000000000000000
       111  0.0000000000000000
       112  0.0000000000000000
       113  0.0000000000000000
       114  0.0000000000000000
       115  0.0000000000000000
       116  0.0000000000000000
       117  0.0000000000000000
       118  0.0000000000000000
       119  0.0000000000000000
       120  0.0000000000000000
       121  0.0000000000000000
       122  0.0000000000000000
       123  0.0000000000000000
       124  0.0000000000000000
       125  0.0000000000000000
       126  0.0000000000000000
       127  0.0000000000000000
       128  0.0000000000000000
       129  0.0000000000000000
       130  0.0000000000000000
       131  0.0000000000000000
       132  0.0000000000000000
       133  0.0000000000000000
       134  0.0000000000000000
       135  0.0000000000000000
       136  0.0000000000000000
       137  0.0000000000000000
       138  0.0000000000000000
       139  0.0000000000000000
       140  0.0000000000000000
       141  0.0000000000000000
       142  0.0000000000000000
       143  0.0000000000000000
       144  0.0000000000000000
       145  0.0000000000000000
       146  0.0000000000000000
       147  0.0000000000000000
       148  0.0000000000000000
       149  0.0000000000000000
       150  0.0000000000000000
       151  0.0000000000000000
       152  0.0000000000000000
       153  0.0000000000000000
       154  0.0000000000000000
       155  0.0000000000000000
       156  0.0000000000000000
       157  0.0000000000000000
       158  0.0000000000000000
       159  0.0000000000000000
       160  0.0000000000000000
       161  0.0000000000000000
       162  0.0000000000000000
       163  0.0000000000000000
       164  0.0000000000000000
       165  0.0000000000000000
       166  0.0000000000000000
       167  0.0000000000000000
       168  0.0000000000000000
       169  0.0000000000000000
       170  0.0000000000000000
       171  0.0000000000000000
       172  0.0000000000000000
       173  0.0000000000000000
       174  0.0000000000000000
       175  0.0000000000000000
       176  0.0000000000000000
       177  0.0000000000000000
       178  0.0000000000000000
       179  0.0000000000000000
       180  0.0000000000000000
       181  0.0000000000000000
       182  0.0000000000000000
       183  0.0000000000000000
       184  0.0000000000000000
       185  0.0000000000000000
       186  0.0000000000000000
       187  0.0000000000000000
       188  0.0000000000000000
       189  0.0000000000000000
       190  0.0000000000000000
       191  0.0000000000000000
       192  0.0000000000000000
       193  0.0000000000000000
       194  0.0000000000000000
       195  0.0000000000000000
       196  0.0000000000000000
       197  0.0000000000000000
       198  0.0000000000000000
       199  0.0000000000000000
       200  0.0000000000000000
