         0  0.2000000000000000
         1  0.1905398048375201
         2  0.1827786660898211
         3  0.1765996685969024
         4  0.1718232031323134
         5  0.1682468977249448
         6  0.1656707345821344
         7  0.1639117149513807
         8  0.1628114820007453
         9  0.1622393097582826
        10  0.1620921208168181
        11  0.1622927077430801
        12  0.1627870182539843
        13  0.1635411389399677
        14  0.1645384327483934
        15  0.1657771349700584
        16  0.1672685953998080
        17  0.1690362713020613
        18  0.1711155347714208
        19  0.1735543548313226
        20  0.1764149493155482
        21  0.1797765746853915
        22  0.1837397401931869
        23  0.1884323111121838
        24  0.1940182348241188
        25  0.2007100338528928
        26  0.2087868473216568
        27  0.2186208003588129
        28  0.2307160397418277
        29  0.2457671411176004
        30  0.2647468880945624
        31  0.2890368489711190
        32  0.3206130700325764
        33  0.3622754484699994
        34  0.4178011009522118
        35  0.4915365778923789
        36  0.5858346879361096
        37  0.6897023124145132
        38  0.7826976319985559
        39  0.8705839578138799
        40  0.9342085699705338
        41  0.9692877915715058
        42  0.9862892131307224
        43  0.9940086634956444
        44  0.9974070730622302
        45  0.9988825840335669
        46  0.9995193370683193
        47  0.9997934040400058
        48  0.9999112323455193
        49  0.9999618649848740
        50  0.9999836180455690
        51  0.9999929628673574
        52  0.9999969771213777
        53  0.9999987014953934
        54  0.9999994422168736
        55  0.9999997603999985
        56  0.9999998970780225
        57  0.9999999557891043
        58  0.9999999810088827
        59  0.9999999918422253
        60  0.9999999964957678
        61  0.9999999984947314
        62  0.9999999993534009
        63  0.9999999997222485
        64  0.9999999998806899
        65  0.9999999999487494
        66  0.9999999999779849
        67  0.9999999999905432
        68  0.9999999999959378
        69  0.9999999999982551
        70  0.9999999999992505
        71  0.9999999999996780
        72  0.9999999999998617
        73  0.9999999999999406
        74  0.9999999999999745
        75  0.9999999999999890
        76  0.9999999999999953
        77  0.9999999999999980
        78  0.9999999999999991
        79  0.9999999999999997
        80  0.9999999999999999
