         0  0.1000000000000000
         1  0.0884646432709774
         2  0.0807905700599239
         3  0.0745823069609110
         4  0.0688634645059976
         5  0.0633361380083784
         6  0.0579543327369875
         7  0.0527448333128831
         8  0.0477483766879100
         9  0.0430028939990754
        10  0.0385388603974080
        11  0.0343780319692475
        12  0.0305333763667681
        13  0.0270096251444154
        14  0.0238042212448438
        15  0.0209085030165038
        16  0.0183089892325134
        17  0.0159886534774332
        18  0.0139281048899578
        19  0.0121066218506857
        20  0.0105030117794102
        21  0.0090962914470295
        22  0.0078661973048125
        23  0.0067935446632156
        24  0.0058604591430994
        25  0.0050505048902595
        26  0.0043487327861223
        27  0.0037416693072578
        28  0.0032172634297419
        29  0.0027648058027366
        30  0.0023748311787619
        31  0.0020390125388222
        32  0.0017500529701565
        33  0.0015015795990902
        34  0.0012880424263110
        35  0.0011046198100378
        36  0.0009471315669682
        37  0.0008119600423692
        38  0.0006959791361975
        39  0.0005964910265841
        40  0.0005111700476004
        41  0.0004380132469751
        42  0.0003752970123843
        43  0.0003215391311230
        44  0.0002754657350036
        45  0.0002359825721626
        46  0.0002021500862580
        47  0.0001731618487873
        48  0.0001483259118519
        49  0.0001270487231841
        50  0.0001088212454310
        51  0.0000932070174514
        52  0.0000798318642365
        53  0.0000683750600542
        54  0.0000585617231575
        55  0.0000501562910534
        56  0.0000429569139290
        57  0.0000367906444729
        58  0.0000315093067804
        59  0.0000269859579472
        60  0.0000231118508555
        61  0.0000197938299432
        62  0.0000169520948167
        63  0.0000145182950460
        64  0.0000124338810868
        65  0.0000106487061804
        66  0.0000091198176604
        67  0.0000078104264869
        68  0.0000066890235601
        69  0.0000057286222922
        70  0.0000049061092356
        71  0.0000042016884725
        72  0.0000035984058895
        73  0.0000030817412819
        74  0.0000026392587568
        75  0.0000022603076404
        76  0.0000019357664151
        77  0.0000016578231717
        78  0.0000014197874717
        79  0.0000012159293470
        80  0.0000010413417401
        81  0.0000008918218647
        82  0.0000007637705079
        83  0.0000006541051898
        84  0.0000005601860022
        85  0.0000004797520846
        86  0.0000004108671759
        87  0.0000003518730377
        88  0.0000003013495111
        89  0.0000002580803869
        90  0.0000002210240254
        91  0.0000001892883704
        92  0.0000001621094610
        93  0.0000001388330250
        94  0.0000001188987292
        95  0.0000001018266925
        96  0.0000000872059363
        97  0.0000000746844928
        98  0.0000000639609362
        99  0.0000000547771194
       100  0.0000000469119598
       101  0.0000000401761177
       102  0.0000000344074393
       103  0.0000000294670537
       104  0.0000000252360320
       105  0.0000000216125211
       106  0.0000000185092909
       107  0.0000000158516379
       108  0.0000000135755835
       109  0.0000000116263360
       110  0.0000000099569709
       111  0.0000000085273012
       112  0.0000000073029104
       113  0.0000000062543236
       114  0.0000000053562973
       115  0.0000000045872140
       116  0.0000000039285599
       117  0.0000000033644787
       118  0.0000000028813904
       119  0.0000000024676662
       120  0.0000000021133472
       121  0.0000000018099026
       122  0.0000000015500281
       123  0.0000000013274675
       124  0.0000000011368634
       125  0.0000000009736270
       126  0.0000000008338289
       127  0.0000000007141037
       128  0.0000000006115692
       129  0.0000000005237572
       130  0.0000000004485537
       131  0.0000000003841482
       132  0.0000000003289903
       133  0.0000000002817523
       134  0.0000000002412969
       135  0.0000000002066503
       136  0.0000000001769785
       137  0.0000000001515671
       138  0.0000000001298043
       139  0.0000000001111664
       140  0.0000000000952046
       141  0.0000000000815347
       142  0.0000000000698275
       143  0.0000000000598014
       144  0.0000000000512148
       145  0.0000000000438611
       146  0.0000000000375633
       147  0.0000000000321698
       148  0.0000000000275507
       149  0.0000000000235948
       150  0.0000000000202070
       151  0.0000000000173056
       152  0.0000000000148208
       153  0.0000000000126927
       154  0.0000000000108702
       155  0.0000000000093094
       156  0.0000000000079727
       157  0.0000000000068280
       158  0.0000000000058476
       159  0.0000000000050080
       160  0.0000000000042889
       161  0.0000000000036731
       162  0.0000000000031457
       163  0.0000000000026940
       164  0.0000000000023072
       165  0.0000000000019759
       166  0.0000000000016922
       167  0.0000000000014492
       168  0.0000000000012411
       169  0.0000000000010629
       170  0.0000000000009103
       171  0.0000000000007796
       172  0.0000000000006677
       173  0.0000000000005718
       174  0.0000000000004897
       175  0.0000000000004194
       176  0.0000000000003592
       177  0.0000000000003076
       178  0.0000000000002634
       179  0.0000000000002256
       180  0.0000000000001932
       181  0.0000000000001655
       182  0.0000000000001417
       183  0.0000000000001214
       184  0.0000000000001039
       185  0.0000000000000890
       186  0.0000000000000762
       187  0.0000000000000653
       188  0.0000000000000559
       189  0.0000000000000479
       190  0.0000000000000410
       191  0.0000000000000351
       192  0.0000000000000301
       193  0.0000000000000258
       194  0.0000000000000221
       195  0.0000000000000189
       196  0.0000000000000162
       197  0.0000000000000139
       198  0.0000000000000119
       199  0.0000000000000102
       200  0.0000000000000087
       201  0.0000000000000075
       202  0.0000000000000064
       203  0.0000000000000055
       204  0.0000000000000047
       205  0.0000000000000040
       206  0.0000000000000034
       207  0.0000000000000029
       208  0.0000000000000025
       209  0.0000000000000022
       210  0.0000000000000018
       211  0.0000000000000016
       212  0.0000000000000014
       213  0.0000000000000012
       214  0.0000000000000010
       215  0.0000000000000009
       216  0.0000000000000007
       217  0.0000000000000006
       218  0.0000000000000005
       219  0.0000000000000005
       220  0.0000000000000004
       221  0.0000000000000003
       222  0.0000000000000003
       223  0.0000000000000002
       224  0.0000000000000002
       225  0.0000000000000002
       226  0.0000000000000002
       227  0.0000000000000001
       228  0.0000000000000001
       229  0.0000000000000001
       230  0.0000000000000001
       231  0.0000000000000001
       232  0.0000000000000001
       233  0.0000000000000001
       234  0.0000000000000000
       235  0.0000000000000000
       236  0.0000000000000000
       237  0.0000000000000000
       238  0.0000000000000000
       239  0.0000000000000000
       240  0.0000000000000000
       241  0.0000000000000000
       242  0.0000000000000000
       243  0.0000000000000000
       244  0.0000000000000000
       245  0.0000000000000000
       246  0.0000000000000000
       247  0.0000000000000000
       248  0.0000000000000000
       249  0.0000000000000000
       250  0.0000000000000000
       251  0.0000000000000000
       252  0.0000000000000000
       253  0.0000000000000000
       254  0.0000000000000000
       255  0.0000000000000000
       256  0.0000000000000000
       257  0.0000000000000000
       258  0.0000000000000000
       259  0.0000000000000000
       260  0.0000000000000000
       261  0.0000000000000000
       262  0.0000000000000000
       263  0.0000000000000000
       264  0.0000000000000000
       265  0.0000000000000000
       266  0.0000000000000000
       267  0.0000000000000000
       268  0.0000000000000000
       269  0.0000000000000000
       270  0.0000000000000000
       271  0.0000000000000000
       272  0.0000000000000000
       273  0.0000000000000000
       274  0.0000000000000000
       275  0.0000000000000000
       276  0.0000000000000000
       277  0.0000000000000000
       278  0.0000000000000000
       279  0.0000000000000000
       280  0.0000000000000000
       281  0.0000000000000000
       282  0.0000000000000000
       283  0.0000000000000000
       284  0.0000000000000000
       285  0.0000000000000000
       286  0.0000000000000000
       287  0.0000000000000000
       288  0.0000000000000000
       289  0.0000000000000000
       290  0.0000000000000000
       291  0.0000000000000000
       292  0.0000000000000000
       293  0.0000000000000000
       294  0.0000000000000000
       295  0.0000000000000000
       296  0.0000000000000000
       297  0.0000000000000000
       298  0.0000000000000000
       299  0.0000000000000000
       300  0.0000000000000000
       301  0.0000000000000000
       302  0.0000000000000000
       303  0.0000000000000000
       304  0.0000000000000000
       305  0.0000000000000000
       306  0.0000000000000000
       307  0.0000000000000000
       308  0.0000000000000000
       309  0.0000000000000000
       310  0.0000000000000000
       311  0.0000000000000000
       312  0.0000000000000000
       313  0.0000000000000000
       314  0.0000000000000000
       315  0.0000000000000000
       316  0.0000000000000000
       317  0.0000000000000000
       318  0.0000000000000000
       319  0.0000000000000000
       320  0.0000000000000000
