         0  0.6000000000000000
         1  0.5574819664502150
         2  0.5141039214722261
         3  0.4705120811185531
         4  0.4273653339495299
         5  0.3852959775334081
         6  0.3448737166003067
         7  0.3065771579718767
         8  0.2707755253368975
         9  0.2377214409572663
        10  0.2075538738778538
        11  0.1803090958020652
        12  0.1559368822289113
        13  0.1343192000947435
        14  0.1152890569758429
        15  0.0986478353920572
        16  0.0841801090987352
        17  0.0716655183276961
        18  0.0608877092520756
        19  0.0516406142009989
        20  0.0437324885867589
        21  0.0369881619892463
        22  0.0312499407797050
        23  0.0263775447109442
        24  0.0222473914453735
        25  0.0187514758576313
        26  0.0157960272905964
        27  0.0133000776973458
        28  0.0111940304581733
        29  0.0094182893535595
        30  0.0079219822732386
        31  0.0066617985617230
        32  0.0056009458791228
        33  0.0047082270948334
        34  0.0039572299925176
        35  0.0033256221898534
        36  0.0027945415835271
        37  0.0023480713441587
        38  0.0019727903413731
        39  0.0016573890762474
        40  0.0013923424572909
        41  0.0011696319465691
        42  0.0009825097841895
        43  0.0008252994006101
        44  0.0006932266319391
        45  0.0005822771682515
        46  0.0004890762421909
        47  0.0004107871845638
        48  0.0003450259536589
        49  0.0002897891085189
        50  0.0002433932465211
        51  0.0002044239414999
        52  0.0001716928748556
        53  0.0001442017469353
        54  0.0001211119110232
        55  0.0001017188814921
        56  0.0000854308950579
        57  0.0000717508754281
        58  0.0000602612989907
        59  0.0000506114738277
        60  0.0000425068390364
        61  0.0000356999872024
        62  0.0000299831215685
        63  0.0000251817110947
        64  0.0000211491677227
        65  0.0000177623757425
        66  0.0000149179310030
        67  0.0000125289860080
        68  0.0000105226007933
        69  0.0000088375143504
        70  0.0000074222749950
        71  0.0000062336706950
        72  0.0000052354086774
        73  0.0000043970079530
        74  0.0000036928686037
        75  0.0000031014901780
        76  0.0000026048152370
        77  0.0000021876779927
        78  0.0000018373412797
        79  0.0000015431077982
        80  0.0000012959930741
        81  0.0000010884514625
        82  0.0000009141457377
        83  0.0000007677534885
        84  0.0000006448046237
        85  0.0000005415449203
        86  0.0000004548213210
        87  0.0000003819857342
        88  0.0000003208141146
        89  0.0000002694385833
        90  0.0000002262903837
        91  0.0000001900519773
        92  0.0000001596168439
        93  0.0000001340556167
        94  0.0000001125877962
        95  0.0000000945578523
        96  0.0000000794152535
        97  0.0000000666976028
        98  0.0000000560165683
        99  0.0000000470460126
       100  0.0000000395120100
       101  0.0000000331845087
       102  0.0000000278703040
       103  0.0000000234071219
       104  0.0000000196586768
       105  0.0000000165105138
       106  0.0000000138665016
       107  0.0000000116459030
       108  0.0000000097809146
       109  0.0000000082145881
       110  0.0000000068990939
       111  0.0000000057942649
       112  0.0000000048663647
       113  0.0000000040870595
       114  0.0000000034325530
       115  0.0000000028828599
       116  0.0000000024211953
       117  0.0000000020334623
       118  0.0000000017078212
       119  0.0000000014343285
       120  0.0000000012046337
       121  0.0000000010117223
       122  0.0000000008497039
       123  0.0000000007136313
       124  0.0000000005993495
       125  0.0000000005033690
       126  0.0000000004227589
       127  0.0000000003550577
       128  0.0000000002981984
       129  0.0000000002504445
       130  0.0000000002103380
       131  0.0000000001766543
       132  0.0000000001483647
       133  0.0000000001246054
       134  0.0000000001046509
       135  0.0000000000878920
       136  0.0000000000738169
       137  0.0000000000619957
       138  0.0000000000520677
       139  0.0000000000437295
       140  0.0000000000367266
       141  0.0000000000308452
       142  0.0000000000259056
       143  0.0000000000217570
       144  0.0000000000182728
       145  0.0000000000153466
       146  0.0000000000128890
       147  0.0000000000108249
       148  0.0000000000090914
       149  0.0000000000076355
       150  0.0000000000064127
       151  0.0000000000053858
       152  0.0000000000045233
       153  0.0000000000037989
       154  0.0000000000031906
       155  0.0000000000026796
       156  0.0000000000022505
       157  0.0000000000018901
       158  0.0000000000015874
       159  0.0000000000013332
       160  0.0000000000011197
       161  0.0000000000009404
       162  0.0000000000007898
       163  0.0000000000006633
       164  0.0000000000005571
       165  0.0000000000004679
       166  0.0000000000003930
       167  0.0000000000003300
       168  0.0000000000002772
       169  0.0000000000002328
       170  0.0000000000001955
       171  0.0000000000001642
       172  0.0000000000001379
       173  0.0000000000001158
       174  0.0000000000000973
       175  0.0000000000000817
       176  0.0000000000000686
       177  0.0000000000000576
       178  0.0000000000000484
       179  0.0000000000000406
       180  0.0000000000000341
       181  0.0000000000000287
       182  0.0000000000000241
       183  0.0000000000000202
       184  0.0000000000000170
       185  0.0000000000000143
       186  0.0000000000000120
       187  0.0000000000000101
       188  0.0000000000000085
       189  0.0000000000000071
       190  0.0000000000000060
       191  0.0000000000000050
       192  0.0000000000000042
       193  0.0000000000000035
       194  0.0000000000000030
       195  0.0000000000000025
       196  0.0000000000000021
       197  0.0000000000000018
       198  0.0000000000000015
       199  0.0000000000000012
       200  0.0000000000000010
       201  0.0000000000000009
       202  0.0000000000000007
       203  0.0000000000000006
       204  0.0000000000000005
       205  0.0000000000000004
       206  0.0000000000000004
       207  0.0000000000000003
       208  0.0000000000000003
       209  0.0000000000000002
       210  0.0000000000000002
       211  0.0000000000000002
       212  0.0000000000000001
       213  0.0000000000000001
       214  0.0000000000000001
       215  0.0000000000000001
       216  0.0000000000000001
       217  0.0000000000000001
       218  0.0000000000000000
       219  0.0000000000000000
       220  0.0000000000000000
       221  0.0000000000000000
       222  0.0000000000000000
       223  0.0000000000000000
       224  0.0000000000000000
       225  0.0000000000000000
       226  0.0000000000000000
       227  0.0000000000000000
       228  0.0000000000000000
       229  0.0000000000000000
       230  0.0000000000000000
       231  0.0000000000000000
       232  0.0000000000000000
       233  0.0000000000000000
       234  0.0000000000000000
       235  0.0000000000000000
       236  0.0000000000000000
       237  0.0000000000000000
       238  0.0000000000000000
       239  0.0000000000000000
       240  0.0000000000000000
       241  0.0000000000000000
       242  0.0000000000000000
       243  0.0000000000000000
       244  0.0000000000000000
       245  0.0000000000000000
       246  0.0000000000000000
       247  0.0000000000000000
       248  0.0000000000000000
       249  0.0000000000000000
       250  0.0000000000000000
       251  0.0000000000000000
       252  0.0000000000000000
       253  0.0000000000000000
       254  0.0000000000000000
       255  0.0000000000000000
       256  0.0000000000000000
       257  0.0000000000000000
       258  0.0000000000000000
       259  0.0000000000000000
       260  0.0000000000000000
       261  0.0000000000000000
       262  0.0000000000000000
       263  0.0000000000000000
       264  0.0000000000000000
       265  0.0000000000000000
       266  0.0000000000000000
       267  0.0000000000000000
       268  0.0000000000000000
       269  0.0000000000000000
       270  0.0000000000000000
       271  0.0000000000000000
       272  0.0000000000000000
       273  0.0000000000000000
       274  0.0000000000000000
       275  0.0000000000000000
       276  0.0000000000000000
       277  0.0000000000000000
       278  0.0000000000000000
       279  0.0000000000000000
       280  0.0000000000000000
