         0  0.4000000000000000
         1  0.4383392853539265
         2  0.4892665237252851
         3  0.5493824573663326
         4  0.6164688191320701
         5  0.6880726582274362
         6  0.7597940221535326
         7  0.8256794306198529
         8  0.8804077371285648
         9  0.9215951186305598
        10  0.9501518126619282
        11  0.9688280816985011
        12  0.9806126649384080
        13  0.9879143297728464
        14  0.9924110160200794
        15  0.9951851262125240
        16  0.9969078371825767
        17  0.9979878259206481
        18  0.9986725002480358
        19  0.9991118662883920
        20  0.9993974074566465
        21  0.9995853866178631
        22  0.9997107497944724
        23  0.9997954372750998
        24  0.9998533791791430
        25  0.9998935215241830
        26  0.9999216758051203
        27  0.9999416606765098
        28  0.9999560138541975
        29  0.9999664406946067
        30  0.9999740998120548
        31  0.9999797868486905
        32  0.9999840539442800
        33  0.9999872881973937
        34  0.9999897637189351
        35  0.9999916765037820
        36  0.9999931680227964
        37  0.9999943413311461
        38  0.9999952721718849
        39  0.9999960166972882
        40  0.9999966168862278
        41  0.9999971043774935
        42  0.9999975032047135
        43  0.9999978317639833
        44  0.9999981042402568
        45  0.9999983316494925
        46  0.9999985226057011
        47  0.9999986838896140
        48  0.9999988208733283
        49  0.9999989378394126
        50  0.9999990382224513
        51  0.9999991247929292
        52  0.9999991997982313
        53  0.9999992650712533
        54  0.9999993221146665
        55  0.9999993721666665
        56  0.9999994162525017
        57  0.9999994552250653
        58  0.9999994897971298
        59  0.9999995205669627
        60  0.9999995480388938
        61  0.9999995726397533
        62  0.9999995947322595
        63  0.9999996146258141
        64  0.9999996325853151
        65  0.9999996488383726
        66  0.9999996635812342
        67  0.9999996769836743
        68  0.9999996891930419
        69  0.9999997003376274
        70  0.9999997105294566
        71  0.9999997198666472
        72  0.9999997284353802
        73  0.9999997363115599
        74  0.9999997435622193
        75  0.9999997502466971
        76  0.9999997564176756
        77  0.9999997621220179
        78  0.9999997674015229
        79  0.9999997722935515
        80  0.9999997768315705
        81  0.9999997810456276
        82  0.9999997849627499
        83  0.9999997886073003
        84  0.9999997920012813
        85  0.9999997951646007
        86  0.9999997981153043
        87  0.9999998008697782
        88  0.9999998034429266
        89  0.9999998058483286
        90  0.9999998080983746
        91  0.9999998102043889
        92  0.9999998121767354
        93  0.9999998140249133
        94  0.9999998157576416
        95  0.9999998173829331
        96  0.9999998189081607
        97  0.9999998203401178
        98  0.9999998216850712
        99  0.9999998229488071
       100  0.9999998241366761
       101  0.9999998252536288
       102  0.9999998263042527
       103  0.9999998272928010
       104  0.9999998282232215
       105  0.9999998290991827
       106  0.9999998299240942
       107  0.9999998307011301
       108  0.9999998314332459
       109  0.9999998321231964
       110  0.9999998327735512
       111  0.9999998333867083
       112  0.9999998339649073
       113  0.9999998345102419
       114  0.9999998350246694
       115  0.9999998355100211
       116  0.9999998359680120
       117  0.9999998364002481
       118  0.9999998368082348
       119  0.9999998371933831
       120  0.9999998375570170
       121  0.9999998379003789
       122  0.9999998382246352
       123  0.9999998385308815
       124  0.9999998388201468
       125  0.9999998390933987
       126  0.9999998393515468
       127  0.9999998395954467
       128  0.9999998398259032
       129  0.9999998400436739
       130  0.9999998402494717
       131  0.9999998404439683
       132  0.9999998406277958
       133  0.9999998408015502
       134  0.9999998409657929
       135  0.9999998411210529
       136  0.9999998412678291
       137  0.9999998414065917
       138  0.9999998415377844
       139  0.9999998416618254
       140  0.9999998417791094
       141  0.9999998418900087
       142  0.9999998419948748
       143  0.9999998420940392
       144  0.9999998421878152
       145  0.9999998422764981
       146  0.9999998423603670
       147  0.9999998424396854
       148  0.9999998425147021
       149  0.9999998425856522
       150  0.9999998426527575
       151  0.9999998427162280
       152  0.9999998427762615
       153  0.9999998428330454
       154  0.9999998428867565
       155  0.9999998429375619
       156  0.9999998429856195
       157  0.9999998430310788
       158  0.9999998430740806
       159  0.9999998431147584
       160  0.9999998431532382
       161  0.9999998431896393
       162  0.9999998432240742
       163  0.9999998432566496
       164  0.9999998432874659
       165  0.9999998433166186
       166  0.9999998433441976
       167  0.9999998433702879
       168  0.9999998433949702
       169  0.9999998434183205
       170  0.9999998434404108
       171  0.9999998434613093
       172  0.9999998434810802
       173  0.9999998434997844
       174  0.9999998435174797
       175  0.9999998435342203
       176  0.9999998435500579
       177  0.9999998435650411
       178  0.9999998435792160
       179  0.9999998435926263
       180  0.9999998436053131
       181  0.9999998436173156
       182  0.9999998436286706
       183  0.9999998436394129
       184  0.9999998436495755
       185  0.9999998436591899
       186  0.9999998436682854
       187  0.9999998436768901
       188  0.9999998436850304
       189  0.9999998436927312
       190  0.9999998437000163
       191  0.9999998437069080
       192  0.9999998437134275
       193  0.9999998437195950
       194  0.9999998437254294
       195  0.9999998437309484
       196  0.9999998437361692
       197  0.9999998437411078
       198  0.9999998437457794
       199  0.9999998437501985
       200  0.9999998437543783
       201  0.9999998437583322
       202  0.9999998437620718
       203  0.9999998437656091
       204  0.9999998437689549
       205  0.9999998437721193
       206  0.9999998437751122
       207  0.9999998437779427
       208  0.9999998437806198
       209  0.9999998437831514
       210  0.9999998437855457
       211  0.9999998437878098
       212  0.9999998437899509
       213  0.9999998437919755
       214  0.9999998437938900
       215  0.9999998437957001
       216  0.9999998437974115
       217  0.9999998437990296
       218  0.9999998438005593
       219  0.9999998438020056
       220  0.9999998438033726
       221  0.9999998438046649
       222  0.9999998438058864
       223  0.9999998438070408
       224  0.9999998438081318
       225  0.9999998438091628
       226  0.9999998438101372
       227  0.9999998438110578
       228  0.9999998438119276
       229  0.9999998438127493
       230  0.9999998438135255
       231  0.9999998438142587
       232  0.9999998438149510
       233  0.9999998438156049
       234  0.9999998438162223
       235  0.9999998438168052
       236  0.9999998438173554
       237  0.9999998438178747
       238  0.9999998438183648
       239  0.9999998438188272
       240  0.9999998438192634
       241  0.9999998438196749
       242  0.9999998438200629
       243  0.9999998438204288
       244  0.9999998438207737
       245  0.9999998438210986
       246  0.9999998438214048
       247  0.9999998438216934
       248  0.9999998438219649
       249  0.9999998438222206
       250  0.9999998438224613
       251  0.9999998438226877
       252  0.9999998438229006
       253  0.9999998438231007
       254  0.9999998438232888
       255  0.9999998438234655
       256  0.9999998438236313
       257  0.9999998438237869
       258  0.9999998438239328
       259  0.9999998438240696
       260  0.9999998438241977
       261  0.9999998438243176
       262  0.9999998438244297
       263  0.9999998438245346
       264  0.9999998438246325
       265  0.9999998438247237
       266  0.9999998438248088
       267  0.9999998438248879
       268  0.9999998438249615
       269  0.9999998438250299
       270  0.9999998438250932
       271  0.9999998438251518
       272  0.9999998438252060
       273  0.9999998438252560
       274  0.9999998438253019
       275  0.9999998438253441
       276  0.9999998438253827
       277  0.9999998438254178
       278  0.9999998438254499
       279  0.9999998438254788
       280  0.9999998438255050
       281  0.9999998438255283
       282  0.9999998438255492
       283  0.9999998438255675
       284  0.9999998438255836
       285  0.9999998438255975
       286  0.9999998438256094
       287  0.9999998438256192
       288  0.9999998438256273
       289  0.9999998438256336
       290  0.9999998438256382
       291  0.9999998438256413
       292  0.9999998438256430
       293  0.9999998438256432
       294  0.9999998438256421
       295  0.9999998438256398
       296  0.9999998438256362
       297  0.9999998438256316
       298  0.9999998438256258
       299  0.9999998438256191
       300  0.9999998438256115
       301  0.9999998438256028
       302  0.9999998438255934
       303  0.9999998438255832
       304  0.9999998438255722
       305  0.9999998438255605
       306  0.9999998438255481
       307  0.9999998438255351
       308  0.9999998438255214
       309  0.9999998438255072
       310  0.9999998438254925
       311  0.9999998438254771
       312  0.9999998438254614
       313  0.9999998438254450
       314  0.9999998438254284
       315  0.9999998438254113
       316  0.9999998438253939
       317  0.9999998438253760
       318  0.9999998438253578
       319  0.9999998438253392
       320  0.9999998438253204
       321  0.9999998438253012
       322  0.9999998438252817
       323  0.9999998438252621
       324  0.9999998438252421
       325  0.9999998438252219
       326  0.9999998438252015
       327  0.9999998438251808
       328  0.9999998438251601
       329  0.9999998438251390
       330  0.9999998438251178
       331  0.9999998438250964
       332  0.9999998438250749
       333  0.9999998438250531
       334  0.9999998438250314
       335  0.9999998438250094
       336  0.9999998438249873
       337  0.9999998438249650
       338  0.9999998438249427
       339  0.9999998438249202
       340  0.9999998438248977
       341  0.9999998438248751
       342  0.9999998438248523
       343  0.9999998438248294
       344  0.9999998438248066
       345  0.9999998438247835
       346  0.9999998438247605
       347  0.9999998438247373
       348  0.9999998438247141
       349  0.9999998438246908
       350  0.9999998438246674
       351  0.9999998438246440
       352  0.9999998438246206
       353  0.9999998438245972
       354  0.9999998438245735
       355  0.9999998438245500
       356  0.9999998438245263
       357  0.9999998438245027
       358  0.9999998438244789
       359  0.9999998438244552
       360  0.9999998438244314
       361  0.9999998438244077
       362  0.9999998438243838
       363  0.9999998438243599
       364  0.9999998438243359
       365  0.9999998438243121
       366  0.9999998438242881
       367  0.9999998438242641
       368  0.9999998438242401
       369  0.9999998438242161
       370  0.9999998438241920
       371  0.9999998438241680
       372  0.9999998438241439
       373  0.9999998438241198
       374  0.9999998438240957
       375  0.9999998438240716
       376  0.9999998438240474
       377  0.9999998438240233
       378  0.9999998438239991
       379  0.9999998438239749
       380  0.9999998438239508
       381  0.9999998438239266
       382  0.9999998438239024
       383  0.9999998438238781
       384  0.9999998438238539
       385  0.9999998438238297
       386  0.9999998438238054
       387  0.9999998438237812
       388  0.9999998438237568
       389  0.9999998438237326
       390  0.9999998438237083
       391  0.9999998438236840
       392  0.9999998438236598
       393  0.9999998438236355
       394  0.9999998438236112
       395  0.9999998438235869
       396  0.9999998438235626
       397  0.9999998438235382
       398  0.9999998438235139
       399  0.9999998438234896
       400  0.9999998438234653
       401  0.9999998438234410
       402  0.9999998438234167
       403  0.9999998438233922
       404  0.9999998438233679
       405  0.9999998438233436
       406  0.9999998438233193
       407  0.9999998438232949
       408  0.9999998438232706
       409  0.9999998438232462
       410  0.9999998438232218
       411  0.9999998438231975
       412  0.9999998438231732
       413  0.9999998438231488
       414  0.9999998438231245
       415  0.9999998438231000
       416  0.9999998438230757
       417  0.9999998438230514
       418  0.9999998438230270
       419  0.9999998438230027
       420  0.9999998438229782
       421  0.9999998438229539
       422  0.9999998438229295
       423  0.9999998438229052
       424  0.9999998438228808
       425  0.9999998438228563
       426  0.9999998438228320
       427  0.9999998438228076
       428  0.9999998438227833
       429  0.9999998438227589
       430  0.9999998438227345
       431  0.9999998438227101
       432  0.9999998438226857
       433  0.9999998438226614
       434  0.9999998438226370
       435  0.9999998438226126
       436  0.9999998438225882
       437  0.9999998438225638
       438  0.9999998438225395
       439  0.9999998438225151
       440  0.9999998438224906
       441  0.9999998438224663
       442  0.9999998438224419
       443  0.9999998438224176
       444  0.9999998438223932
       445  0.9999998438223687
       446  0.9999998438223444
       447  0.9999998438223200
       448  0.9999998438222956
       449  0.9999998438222713
       450  0.9999998438222468
       451  0.9999998438222224
       452  0.9999998438221981
       453  0.9999998438221737
       454  0.9999998438221492
       455  0.9999998438221249
       456  0.9999998438221005
       457  0.9999998438220761
       458  0.9999998438220518
       459  0.9999998438220273
       460  0.9999998438220029
       461  0.9999998438219786
       462  0.9999998438219542
       463  0.9999998438219297
       464  0.9999998438219054
       465  0.9999998438218810
       466  0.9999998438218566
       467  0.9999998438218322
       468  0.9999998438218078
       469  0.9999998438217834
       470  0.9999998438217590
       471  0.9999998438217347
       472  0.9999998438217103
       473  0.9999998438216858
       474  0.9999998438216615
       475  0.9999998438216371
       476  0.9999998438216127
       477  0.9999998438215884
       478  0.9999998438215639
       479  0.9999998438215395
       480  0.9999998438215152
       481  0.9999998438214908
       482  0.9999998438214663
       483  0.9999998438214419
       484  0.9999998438214176
       485  0.9999998438213932
       486  0.9999998438213688
       487  0.9999998438213444
       488  0.9999998438213200
       489  0.9999998438212956
       490  0.9999998438212713
       491  0.9999998438212468
       492  0.9999998438212224
       493  0.9999998438211980
       494  0.9999998438211737
       495  0.9999998438211493
       496  0.9999998438211248
       497  0.9999998438211005
       498  0.9999998438210761
       499  0.9999998438210517
       500  0.9999998438210274
       501  0.9999998438210029
       502  0.9999998438209785
       503  0.9999998438209541
       504  0.9999998438209298
       505  0.9999998438209053
       506  0.9999998438208809
       507  0.9999998438208566
       508  0.9999998438208322
       509  0.9999998438208078
       510  0.9999998438207834
       511  0.9999998438207590
       512  0.9999998438207346
       513  0.9999998438207102
       514  0.9999998438206859
       515  0.9999998438206614
       516  0.9999998438206370
       517  0.9999998438206127
       518  0.9999998438205883
       519  0.9999998438205638
       520  0.9999998438205395
       521  0.9999998438205151
       522  0.9999998438204907
       523  0.9999998438204662
       524  0.9999998438204419
       525  0.9999998438204175
       526  0.9999998438203931
       527  0.9999998438203688
       528  0.9999998438203443
       529  0.9999998438203199
       530  0.9999998438202955
       531  0.9999998438202712
       532  0.9999998438202468
       533  0.9999998438202223
       534  0.9999998438201980
       535  0.9999998438201736
       536  0.9999998438201492
       537  0.9999998438201249
       538  0.9999998438201004
       539  0.9999998438200760
       540  0.9999998438200516
       541  0.9999998438200273
       542  0.9999998438200028
       543  0.9999998438199784
       544  0.9999998438199541
       545  0.9999998438199297
       546  0.9999998438199053
       547  0.9999998438198809
       548  0.9999998438198565
       549  0.9999998438198321
       550  0.9999998438198077
       551  0.9999998438197834
       552  0.9999998438197589
       553  0.9999998438197345
       554  0.9999998438197102
       555  0.9999998438196858
       556  0.9999998438196613
       557  0.9999998438196369
       558  0.9999998438196126
       559  0.9999998438195882
       560  0.9999998438195637
       561  0.9999998438195394
       562  0.9999998438195150
       563  0.9999998438194906
       564  0.9999998438194663
       565  0.9999998438194418
       566  0.9999998438194174
       567  0.9999998438193930
       568  0.9999998438193687
       569  0.9999998438193443
       570  0.9999998438193198
       571  0.9999998438192955
       572  0.9999998438192711
       573  0.9999998438192467
       574  0.9999998438192222
       575  0.9999998438191979
       576  0.9999998438191735
       577  0.9999998438191491
       578  0.9999998438191248
       579  0.9999998438191003
       580  0.9999998438190759
       581  0.9999998438190515
       582  0.9999998438190272
       583  0.9999998438190028
       584  0.9999998438189783
       585  0.9999998438189540
       586  0.9999998438189296
       587  0.9999998438189052
       588  0.9999998438188809
       589  0.9999998438188564
       590  0.9999998438188320
       591  0.9999998438188076
       592  0.9999998438187833
       593  0.9999998438187588
       594  0.9999998438187344
       595  0.9999998438187101
       596  0.9999998438186857
       597  0.9999998438186612
       598  0.9999998438186368
       599  0.9999998438186125
       600  0.9999998438185881
       601  0.9999998438185637
       602  0.9999998438185393
       603  0.9999998438185149
       604  0.9999998438184905
       605  0.9999998438184661
       606  0.9999998438184418
       607  0.9999998438184173
       608  0.9999998438183929
       609  0.9999998438183686
       610  0.9999998438183442
       611  0.9999998438183197
       612  0.9999998438182954
       613  0.9999998438182710
       614  0.9999998438182466
       615  0.9999998438182222
       616  0.9999998438181978
       617  0.9999998438181734
       618  0.9999998438181490
       619  0.9999998438181247
       620  0.9999998438181003
       621  0.9999998438180758
       622  0.9999998438180514
       623  0.9999998438180271
       624  0.9999998438180027
       625  0.9999998438179782
       626  0.9999998438179539
       627  0.9999998438179295
       628  0.9999998438179051
       629  0.9999998438178807
       630  0.9999998438178563
       631  0.9999998438178319
       632  0.9999998438178075
       633  0.9999998438177832
       634  0.9999998438177587
       635  0.9999998438177343
       636  0.9999998438177099
       637  0.9999998438176856
       638  0.9999998438176612
       639  0.9999998438176367
       640  0.9999998438176124
       641  0.9999998438175880
       642  0.9999998438175636
       643  0.9999998438175391
       644  0.9999998438175148
       645  0.9999998438174904
       646  0.9999998438174660
       647  0.9999998438174417
       648  0.9999998438174172
       649  0.9999998438173928
       650  0.9999998438173684
       651  0.9999998438173441
       652  0.9999998438173197
       653  0.9999998438172952
       654  0.9999998438172709
       655  0.9999998438172465
       656  0.9999998438172221
       657  0.9999998438171976
       658  0.9999998438171733
       659  0.9999998438171489
       660  0.9999998438171245
       661  0.9999998438171002
       662  0.9999998438170757
       663  0.9999998438170513
       664  0.9999998438170269
       665  0.9999998438170026
       666  0.9999998438169782
       667  0.9999998438169537
       668  0.9999998438169294
       669  0.9999998438169050
       670  0.9999998438168806
       671  0.9999998438168561
       672  0.9999998438168318
       673  0.9999998438168074
       674  0.9999998438167830
       675  0.9999998438167587
       676  0.9999998438167342
       677  0.9999998438167098
       678  0.9999998438166854
       679  0.9999998438166611
       680  0.9999998438166366
       681  0.9999998438166122
       682  0.9999998438165879
       683  0.9999998438165635
       684  0.9999998438165391
       685  0.9999998438165146
       686  0.9999998438164903
       687  0.9999998438164659
       688  0.9999998438164415
       689  0.9999998438164172
       690  0.9999998438163927
       691  0.9999998438163683
       692  0.9999998438163439
       693  0.9999998438163196
       694  0.9999998438162951
       695  0.9999998438162707
       696  0.9999998438162464
       697  0.9999998438162220
       698  0.9999998438161976
       699  0.9999998438161731
       700  0.9999998438161488
       701  0.9999998438161244
       702  0.9999998438161000
       703  0.9999998438160757
       704  0.9999998438160512
       705  0.9999998438160268
       706  0.9999998438160024
       707  0.9999998438159781
       708  0.9999998438159536
       709  0.9999998438159292
       710  0.9999998438159049
       711  0.9999998438158805
       712  0.9999998438158560
       713  0.9999998438158316
       714  0.9999998438158073
       715  0.9999998438157829
       716  0.9999998438157585
       717  0.9999998438157341
       718  0.9999998438157097
       719  0.9999998438156853
       720  0.9999998438156609
       721  0.9999998438156366
       722  0.9999998438156121
       723  0.9999998438155877
       724  0.9999998438155634
       725  0.9999998438155390
       726  0.9999998438155145
       727  0.9999998438154901
       728  0.9999998438154658
       729  0.9999998438154414
       730  0.9999998438154170
       731  0.9999998438153926
       732  0.9999998438153682
       733  0.9999998438153438
       734  0.9999998438153194
       735  0.9999998438152951
       736  0.9999998438152706
       737  0.9999998438152462
       738  0.9999998438152218
       739  0.9999998438151975
       740  0.9999998438151730
       741  0.9999998438151486
       742  0.9999998438151243
       743  0.9999998438150999
       744  0.9999998438150755
       745  0.9999998438150510
       746  0.9999998438150267
       747  0.9999998438150023
       748  0.9999998438149779
       749  0.9999998438149535
       750  0.9999998438149291
       751  0.9999998438149047
       752  0.9999998438148803
       753  0.9999998438148560
       754  0.9999998438148315
       755  0.9999998438148071
       756  0.9999998438147828
       757  0.9999998438147584
       758  0.9999998438147339
       759  0.9999998438147095
       760  0.9999998438146852
       761  0.9999998438146608
       762  0.9999998438146364
       763  0.9999998438146120
       764  0.9999998438145876
       765  0.9999998438145632
       766  0.9999998438145388
       767  0.9999998438145145
       768  0.9999998438144900
       769  0.9999998438144656
       770  0.9999998438144412
       771  0.9999998438144169
       772  0.9999998438143924
       773  0.9999998438143680
       774  0.9999998438143437
       775  0.9999998438143193
       776  0.9999998438142949
       777  0.9999998438142704
       778  0.9999998438142461
       779  0.9999998438142217
       780  0.9999998438141973
       781  0.9999998438141730
       782  0.9999998438141485
       783  0.9999998438141241
       784  0.9999998438140997
       785  0.9999998438140754
       786  0.9999998438140509
       787  0.9999998438140265
       788  0.9999998438140021
       789  0.9999998438139778
       790  0.9999998438139533
       791  0.9999998438139289
       792  0.9999998438139046
       793  0.9999998438138802
       794  0.9999998438138558
       795  0.9999998438138313
       796  0.9999998438138070
       797  0.9999998438137826
       798  0.9999998438137582
       799  0.9999998438137339
       800  0.9999998438137094
       801  0.9999998438136850
       802  0.9999998438136606
       803  0.9999998438136363
       804  0.9999998438136118
       805  0.9999998438135874
       806  0.9999998438135630
       807  0.9999998438135387
       808  0.9999998438135143
       809  0.9999998438134898
       810  0.9999998438134655
       811  0.9999998438134411
       812  0.9999998438134167
       813  0.9999998438133922
       814  0.9999998438133679
       815  0.9999998438133435
       816  0.9999998438133191
       817  0.9999998438132947
       818  0.9999998438132703
       819  0.9999998438132459
       820  0.9999998438132215
       821  0.9999998438131972
       822  0.9999998438131728
       823  0.9999998438131483
       824  0.9999998438131239
       825  0.9999998438130996
       826  0.9999998438130752
       827  0.9999998438130507
       828  0.9999998438130264
       829  0.9999998438130020
       830  0.9999998438129776
       831  0.9999998438129531
       832  0.9999998438129288
       833  0.9999998438129044
       834  0.9999998438128800
       835  0.9999998438128556
       836  0.9999998438128312
       837  0.9999998438128068
       838  0.9999998438127824
       839  0.9999998438127581
       840  0.9999998438127337
       841  0.9999998438127092
       842  0.9999998438126848
       843  0.9999998438126605
       844  0.9999998438126361
       845  0.9999998438126116
       846  0.9999998438125872
       847  0.9999998438125629
       848  0.9999998438125385
       849  0.9999998438125141
       850  0.9999998438124897
       851  0.9999998438124653
       852  0.9999998438124409
       853  0.9999998438124165
       854  0.9999998438123922
       855  0.9999998438123677
       856  0.9999998438123433
       857  0.9999998438123189
       858  0.9999998438122946
       859  0.9999998438122701
       860  0.9999998438122457
       861  0.9999998438122214
       862  0.9999998438121970
       863  0.9999998438121726
       864  0.9999998438121481
       865  0.9999998438121238
       866  0.9999998438120994
       867  0.9999998438120750
       868  0.9999998438120505
       869  0.9999998438120262
       870  0.9999998438120018
       871  0.9999998438119774
       872  0.9999998438119531
       873  0.9999998438119286
       874  0.9999998438119042
       875  0.9999998438118798
       876  0.9999998438118555
       877  0.9999998438118310
       878  0.9999998438118066
       879  0.9999998438117822
       880  0.9999998438117579
       890  0.9000000000000000
       900  0.8000000000000000
       910  0.7000000000000000
       920  0.6000000000000000
       930  0.5000000000000000
       940  0.4000000000000000
       950  0.3000000000000000
       960  0.2000000000000000
       970  0.1000000000000000
       980  0.0000000000000000
