         0  0.4000000000000000
         1  0.4314523466507063
         2  0.4435520495498069
         3  0.4161596294889693
         4  0.3615507209581825
         5  0.2966268990501218
         6  0.2235851420820657
         7  0.1570317285181576
         8  0.1051260670174824
         9  0.0686818112045968
        10  0.0447396016783947
        11  0.0295292806844794
        12  0.0199511774371801
        13  0.0138738123595052
        14  0.0099490468577940
        15  0.0073542343489627
        16  0.0055923164142836
        17  0.0043616221873645
        18  0.0034768471871670
        19  0.0028223803615959
        20  0.0023248805033735
        21  0.0019370470868545
        22  0.0016278769857424
        23  0.0013767093149322
        24  0.0011695195369161
        25  0.0009965788262653
        26  0.0008509615570925
        27  0.0007275900174571
        28  0.0006226232533448
        29  0.0005330667243195
        30  0.0004565227283133
        31  0.0003910295907984
        32  0.0003349561882427
        33  0.0002869307139116
        34  0.0002457906530552
        35  0.0002105460782197
        36  0.0001803515291525
        37  0.0001544836861137
        38  0.0001323231265163
        39  0.0001133391411193
        40  0.0000970769235887
        41  0.0000831466875270
        42  0.0000712143734352
        43  0.0000609936954506
        44  0.0000522393250942
        45  0.0000447410465767
        46  0.0000383187433916
        47  0.0000328180977984
        48  0.0000281069034659
        49  0.0000240719023624
        50  0.0000206160732731
        51  0.0000176563075460
        52  0.0000151214154065
        53  0.0000129504191010
        54  0.0000110910891415
        55  0.0000094986898404
        56  0.0000081349048222
        57  0.0000069669165580
        58  0.0000059666175556
        59  0.0000051099344808
        60  0.0000043762493715
        61  0.0000037479039112
        62  0.0000032097746651
        63  0.0000027489091945
        64  0.0000023542144789
        65  0.0000020161900732
        66  0.0000017266995092
        67  0.0000014787744053
        68  0.0000012664468302
        69  0.0000010846057565
        70  0.0000009288739106
        71  0.0000007955025075
        72  0.0000006812810034
        73  0.0000005834598190
        74  0.0000004996841581
        75  0.0000004279373266
        76  0.0000003664921892
        77  0.0000003138695954
        78  0.0000002688027744
        79  0.0000002302068410
        80  0.0000001971526835
        81  0.0000001688445860
        82  0.0000001446010922
        83  0.0000001238385892
        84  0.0000001060572614
        85  0.0000000908290586
        86  0.0000000777873912
        87  0.0000000666183084
        88  0.0000000570529347
        89  0.0000000488610020
        90  0.0000000418453060
        91  0.0000000358369564
        92  0.0000000306913142
        93  0.0000000262845082
        94  0.0000000225104526
        95  0.0000000192782939
        96  0.0000000165102238
        97  0.0000000141396064
        98  0.0000000121093735
        99  0.0000000103706516
       100  0.0000000088815833
       101  0.0000000076063231
       102  0.0000000065141704
       103  0.0000000055788345
       104  0.0000000047777985
       105  0.0000000040917792
       106  0.0000000035042617
       107  0.0000000030011030
       108  0.0000000025701902
       109  0.0000000022011498
       110  0.0000000018850982
       111  0.0000000016144267
       112  0.0000000013826195
       113  0.0000000011840963
       114  0.0000000010140780
       115  0.0000000008684718
       116  0.0000000007437725
       117  0.0000000006369780
       118  0.0000000005455177
       119  0.0000000004671896
       120  0.0000000004001083
       121  0.0000000003426588
       122  0.0000000002934582
       123  0.0000000002513221
       124  0.0000000002152360
       125  0.0000000001843314
       126  0.0000000001578642
       127  0.0000000001351973
       128  0.0000000001157850
       129  0.0000000000991601
       130  0.0000000000849222
       131  0.0000000000727286
       132  0.0000000000622859
       133  0.0000000000533426
       134  0.0000000000456834
       135  0.0000000000391240
       136  0.0000000000335064
       137  0.0000000000286954
       138  0.0000000000245751
       139  0.0000000000210465
       140  0.0000000000180246
       141  0.0000000000154365
       142  0.0000000000132201
       143  0.0000000000113219
       144  0.0000000000096962
       145  0.0000000000083040
       146  0.0000000000071117
       147  0.0000000000060905
       148  0.0000000000052160
       149  0.0000000000044671
       150  0.0000000000038257
       151  0.0000000000032764
       152  0.0000000000028059
       153  0.0000000000024030
       154  0.0000000000020580
       155  0.0000000000017625
       156  0.0000000000015094
       157  0.0000000000012927
       158  0.0000000000011071
       159  0.0000000000009481
       160  0.0000000000008120
       161  0.0000000000006954
       162  0.0000000000005956
       163  0.0000000000005100
       164  0.0000000000004368
       165  0.0000000000003741
       166  0.0000000000003204
       167  0.0000000000002744
       168  0.0000000000002350
       169  0.0000000000002012
       170  0.0000000000001723
       171  0.0000000000001476
       172  0.0000000000001264
       173  0.0000000000001083
       174  0.0000000000000927
       175  0.0000000000000794
       176  0.0000000000000680
       177  0.0000000000000582
       178  0.0000000000000499
       179  0.0000000000000427
       180  0.0000000000000366
       181  0.0000000000000313
       182  0.0000000000000268
       183  0.0000000000000230
       184  0.0000000000000197
       185  0.0000000000000169
       186  0.0000000000000144
       187  0.0000000000000124
       188  0.0000000000000106
       189  0.0000000000000091
       190  0.0000000000000078
       191  0.0000000000000066
       192  0.0000000000000057
       193  0.0000000000000049
       194  0.0000000000000042
       195  0.0000000000000036
       196  0.0000000000000031
       197  0.0000000000000026
       198  0.0000000000000022
       199  0.0000000000000019
       200  0.0000000000000016
       201  0.0000000000000014
       202  0.0000000000000012
       203  0.0000000000000010
       204  0.0000000000000009
       205  0.0000000000000008
       206  0.0000000000000007
       207  0.0000000000000006
       208  0.0000000000000005
       209  0.0000000000000004
       210  0.0000000000000003
       211  0.0000000000000003
       212  0.0000000000000003
       213  0.0000000000000002
       214  0.0000000000000002
       215  0.0000000000000002
       216  0.0000000000000001
       217  0.0000000000000001
       218  0.0000000000000001
       219  0.0000000000000001
       220  0.0000000000000001
       221  0.0000000000000001
       222  0.0000000000000001
       223  0.0000000000000000
       224  0.0000000000000000
       225  0.0000000000000000
       226  0.0000000000000000
       227  0.0000000000000000
       228  0.0000000000000000
       229  0.0000000000000000
       230  0.0000000000000000
       231  0.0000000000000000
       232  0.0000000000000000
       233  0.0000000000000000
       234  0.0000000000000000
       235  0.0000000000000000
       236  0.0000000000000000
       237  0.0000000000000000
       238  0.0000000000000000
       239  0.0000000000000000
       240  0.0000000000000000
       241  0.0000000000000000
       242  0.0000000000000000
       243  0.0000000000000000
       244  0.0000000000000000
       245  0.0000000000000000
       246  0.0000000000000000
       247  0.0000000000000000
       248  0.0000000000000000
       249  0.0000000000000000
       250  0.0000000000000000
       251  0.0000000000000000
       252  0.0000000000000000
       253  0.0000000000000000
       254  0.0000000000000000
       255  0.0000000000000000
       256  0.0000000000000000
       257  0.0000000000000000
       258  0.0000000000000000
       259  0.0000000000000000
       260  0.0000000000000000
       261  0.0000000000000000
       262  0.0000000000000000
       263  0.0000000000000000
       264  0.0000000000000000
       265  0.0000000000000000
       266  0.0000000000000000
       267  0.0000000000000000
       268  0.0000000000000000
       269  0.0000000000000000
       270  0.0000000000000000
       271  0.0000000000000000
       272  0.0000000000000000
       273  0.0000000000000000
       274  0.0000000000000000
       275  0.0000000000000000
       276  0.0000000000000000
       277  0.0000000000000000
       278  0.0000000000000000
       279  0.0000000000000000
       280  0.0000000000000000
       281  0.0000000000000000
       282  0.0000000000000000
       283  0.0000000000000000
       284  0.0000000000000000
       285  0.0000000000000000
       286  0.0000000000000000
       287  0.0000000000000000
       288  0.0000000000000000
       289  0.0000000000000000
       290  0.0000000000000000
       291  0.0000000000000000
       292  0.0000000000000000
       293  0.0000000000000000
       294  0.0000000000000000
       295  0.0000000000000000
       296  0.0000000000000000
       297  0.0000000000000000
       298  0.0000000000000000
       299  0.0000000000000000
       300  0.0000000000000000
       301  0.0000000000000000
       302  0.0000000000000000
       303  0.0000000000000000
       304  0.0000000000000000
       305  0.0000000000000000
       306  0.0000000000000000
       307  0.0000000000000000
       308  0.0000000000000000
       309  0.0000000000000000
       310  0.0000000000000000
       311  0.0000000000000000
       312  0.0000000000000000
       313  0.0000000000000000
       314  0.0000000000000000
       315  0.0000000000000000
       316  0.0000000000000000
       317  0.0000000000000000
       318  0.0000000000000000
       319  0.0000000000000000
       320  0.0000000000000000
