         0  0.1000000000000000
         1  0.0867309190243606
         2  0.0760038614837159
         3  0.0671505340664797
         4  0.0596667774065360
         5  0.0531896751985795
         6  0.0474693621493268
         7  0.0423411718892591
         8  0.0377008209637711
         9  0.0334839351119966
        10  0.0296503722360608
        11  0.0261731403494810
        12  0.0230312387481565
        13  0.0202055188608956
        14  0.0176766510535417
        15  0.0154244192757200
        16  0.0134277597802062
        17  0.0116651496646947
        18  0.0101151040753334
        19  0.0087566499617720
        20  0.0075697149830618
        21  0.0065354121153409
        22  0.0056362232305982
        23  0.0048560955250578
        24  0.0041804682555821
        25  0.0035962472224614
        26  0.0030917423164340
        27  0.0026565809766604
        28  0.0022816075522838
        29  0.0019587762644300
        30  0.0016810432377464
        31  0.0014422615059599
        32  0.0012370814047994
        33  0.0010608580451167
        34  0.0009095664588864
        35  0.0007797247753346
        36  0.0006683253387773
        37  0.0005727733153753
        38  0.0004908324185580
        39  0.0004205771176228
        40  0.0003603507270011
        41  0.0003087288287064
        42  0.0002644873985417
        43  0.0002265751262130
        44  0.0001940894196323
        45  0.0001662556446012
        46  0.0001424091862917
        47  0.0001219799720025
        48  0.0001044791340696
        49  0.0000894875177568
        50  0.0000766458069706
        51  0.0000656460155934
        52  0.0000562241923808
        53  0.0000481541486460
        54  0.0000412420687180
        55  0.0000353218918258
        56  0.0000302513476434
        57  0.0000259085519710
        58  0.0000221890919872
        59  0.0000190035263781
        60  0.0000162752394436
        61  0.0000139386046493
        62  0.0000119374106298
        63  0.0000102235103041
        64  0.0000087556650761
        65  0.0000074985547145
        66  0.0000064219276487
        67  0.0000054998740438
        68  0.0000047102033211
        69  0.0000040339099826
        70  0.0000034547166229
        71  0.0000029586826888
        72  0.0000025338687836
        73  0.0000021700495691
        74  0.0000018584677034
        75  0.0000015916231141
        76  0.0000013630925139
        77  0.0000011673748130
        78  0.0000009997587354
        79  0.0000008562094816
        80  0.0000007332714781
        81  0.0000006279853158
        82  0.0000005378165165
        83  0.0000004605944925
        84  0.0000003944603057
        85  0.0000003378219366
        86  0.0000002893159364
        87  0.0000002477746362
        88  0.0000002121980158
        89  0.0000001817296429
        90  0.0000001556360543
        91  0.0000001332890980
        92  0.0000001141508258
        93  0.0000000977605103
        94  0.0000000837235934
        95  0.0000000717021603
        96  0.0000000614068254
        97  0.0000000525897406
        98  0.0000000450386530
        99  0.0000000385717891
       100  0.0000000330334672
       101  0.0000000282903626
       102  0.0000000242282972
       103  0.0000000207494824
       104  0.0000000177701713
       105  0.0000000152186449
       106  0.0000000130334791
       107  0.0000000111620690
       108  0.0000000095593655
       109  0.0000000081867861
       110  0.0000000070112877
       111  0.0000000060045732
       112  0.0000000051424078
       113  0.0000000044040361
       114  0.0000000037716834
       115  0.0000000032301269
       116  0.0000000027663297
       117  0.0000000023691268
       118  0.0000000020289561
       119  0.0000000017376286
       120  0.0000000014881317
       121  0.0000000012744586
       122  0.0000000010914657
       123  0.0000000009347478
       124  0.0000000008005321
       125  0.0000000006855879
       126  0.0000000005871479
       127  0.0000000005028423
       128  0.0000000004306418
       129  0.0000000003688082
       130  0.0000000003158529
       131  0.0000000002705012
       132  0.0000000002316614
       133  0.0000000001983983
       134  0.0000000001699113
       135  0.0000000001455146
       136  0.0000000001246209
       137  0.0000000001067273
       138  0.0000000000914029
       139  0.0000000000782788
       140  0.0000000000670391
       141  0.0000000000574133
       142  0.0000000000491697
       143  0.0000000000421096
       144  0.0000000000360633
       145  0.0000000000308852
       146  0.0000000000264505
       147  0.0000000000226526
       148  0.0000000000194001
       149  0.0000000000166145
       150  0.0000000000142289
       151  0.0000000000121859
       152  0.0000000000104362
       153  0.0000000000089377
       154  0.0000000000076544
       155  0.0000000000065553
       156  0.0000000000056141
       157  0.0000000000048080
       158  0.0000000000041176
       159  0.0000000000035264
       160  0.0000000000030201
       161  0.0000000000025864
       162  0.0000000000022151
       163  0.0000000000018970
       164  0.0000000000016246
       165  0.0000000000013914
       166  0.0000000000011916
       167  0.0000000000010205
       168  0.0000000000008740
       169  0.0000000000007485
       170  0.0000000000006410
       171  0.0000000000005490
       172  0.0000000000004701
       173  0.0000000000004026
       174  0.0000000000003448
       175  0.0000000000002953
       176  0.0000000000002529
       177  0.0000000000002166
       178  0.0000000000001855
       179  0.0000000000001589
       180  0.0000000000001361
       181  0.0000000000001165
       182  0.0000000000000998
       183  0.0000000000000855
       184  0.0000000000000732
       185  0.0000000000000627
       186  0.0000000000000537
       187  0.0000000000000460
       188  0.0000000000000394
       189  0.0000000000000337
       190  0.0000000000000289
       191  0.0000000000000247
       192  0.0000000000000212
       193  0.0000000000000181
       194  0.0000000000000155
       195  0.0000000000000133
       196  0.0000000000000114
       197  0.0000000000000098
       198  0.0000000000000084
       199  0.0000000000000072
       200  0.0000000000000061
       201  0.0000000000000052
       202  0.0000000000000045
       203  0.0000000000000038
       204  0.0000000000000033
       205  0.0000000000000028
       206  0.0000000000000024
       207  0.0000000000000021
       208  0.0000000000000018
       209  0.0000000000000015
       210  0.0000000000000013
       211  0.0000000000000011
       212  0.0000000000000010
       213  0.0000000000000008
       214  0.0000000000000007
       215  0.0000000000000006
       216  0.0000000000000005
       217  0.0000000000000004
       218  0.0000000000000004
       219  0.0000000000000003
       220  0.0000000000000003
       221  0.0000000000000002
       222  0.0000000000000002
       223  0.0000000000000002
       224  0.0000000000000001
       225  0.0000000000000001
       226  0.0000000000000001
       227  0.0000000000000001
       228  0.0000000000000001
       229  0.0000000000000001
       230  0.0000000000000001
       231  0.0000000000000001
       232  0.0000000000000000
       233  0.0000000000000000
       234  0.0000000000000000
       235  0.0000000000000000
       236  0.0000000000000000
       237  0.0000000000000000
       238  0.0000000000000000
       239  0.0000000000000000
       240  0.0000000000000000
       241  0.0000000000000000
       242  0.0000000000000000
       243  0.0000000000000000
       244  0.0000000000000000
       245  0.0000000000000000
       246  0.0000000000000000
       247  0.0000000000000000
       248  0.0000000000000000
       249  0.0000000000000000
       250  0.0000000000000000
       251  0.0000000000000000
       252  0.0000000000000000
       253  0.0000000000000000
       254  0.0000000000000000
       255  0.0000000000000000
       256  0.0000000000000000
       257  0.0000000000000000
       258  0.0000000000000000
       259  0.0000000000000000
       260  0.0000000000000000
       261  0.0000000000000000
       262  0.0000000000000000
       263  0.0000000000000000
       264  0.0000000000000000
       265  0.0000000000000000
       266  0.0000000000000000
       267  0.0000000000000000
       268  0.0000000000000000
       269  0.0000000000000000
       270  0.0000000000000000
       271  0.0000000000000000
       272  0.0000000000000000
       273  0.0000000000000000
       274  0.0000000000000000
       275  0.0000000000000000
       276  0.0000000000000000
       277  0.0000000000000000
       278  0.0000000000000000
       279  0.0000000000000000
       280  0.0000000000000000
