         0  0.6000000000000000
         1  0.5523181051650802
         2  0.5299852411257603
         3  0.5403531725096804
         4  0.5775556449559670
         5  0.6273510305225948
         6  0.6774653429493439
         7  0.7221197227738545
         8  0.7601246257278189
         9  0.7922467114468538
        10  0.8198733216440621
        11  0.8444902923443950
        12  0.8673675856918531
        13  0.8892032148887085
        14  0.9089776563692927
        15  0.9165242779633356
        16  0.8827505330538069
        17  0.8012993852568194
        18  0.6840377599808294
        19  0.5438331835478163
        20  0.4000860063184338
        21  0.2735978567115623
        22  0.1765215469807387
        23  0.1094720478530175
        24  0.0663448702402365
        25  0.0397727636610037
        26  0.0237751668932897
        27  0.0142424994840726
        28  0.0085756639666154
        29  0.0051989283372752
        30  0.0031763583045370
        31  0.0019566214677075
        32  0.0012153532478531
        33  0.0007611773354786
        34  0.0004805837580164
        35  0.0003057934026864
        36  0.0001960272918668
        37  0.0001265540658245
        38  0.0000822515682559
        39  0.0000537971646575
        40  0.0000353969204837
        41  0.0000234214684469
        42  0.0000155799705253
        43  0.0000104158552126
        44  0.0000069965172838
        45  0.0000047208624391
        46  0.0000031990240617
        47  0.0000021766296999
        48  0.0000014867768773
        49  0.0000010193726178
        50  0.0000007014315373
        51  0.0000004843382754
        52  0.0000003355641249
        53  0.0000002332506416
        54  0.0000001626494953
        55  0.0000001137709100
        56  0.0000000798229879
        57  0.0000000561714651
        58  0.0000000396433024
        59  0.0000000280587262
        60  0.0000000199154342
        61  0.0000000141747937
        62  0.0000000101165329
        63  0.0000000072396709
        64  0.0000000051947354
        65  0.0000000037372463
        66  0.0000000026956949
        67  0.0000000019494327
        68  0.0000000014133597
        69  0.0000000010272900
        70  0.0000000007485460
        71  0.0000000005467879
        72  0.0000000004003912
        73  0.0000000002939042
        74  0.0000000002162586
        75  0.0000000001595064
        76  0.0000000001179265
        77  0.0000000000873905
        78  0.0000000000649125
        79  0.0000000000483277
        80  0.0000000000360627
        81  0.0000000000269717
        82  0.0000000000202179
        83  0.0000000000151892
        84  0.0000000000114366
        85  0.0000000000086301
        86  0.0000000000065265
        87  0.0000000000049464
        88  0.0000000000037569
        89  0.0000000000028595
        90  0.0000000000021811
        91  0.0000000000016672
        92  0.0000000000012770
        93  0.0000000000009801
        94  0.0000000000007538
        95  0.0000000000005810
        96  0.0000000000004486
        97  0.0000000000003471
        98  0.0000000000002692
        99  0.0000000000002091
       100  0.0000000000001628
       101  0.0000000000001269
       102  0.0000000000000992
       103  0.0000000000000776
       104  0.0000000000000609
       105  0.0000000000000479
       106  0.0000000000000377
       107  0.0000000000000297
       108  0.0000000000000235
       109  0.0000000000000186
       110  0.0000000000000147
       111  0.0000000000000117
       112  0.0000000000000093
       113  0.0000000000000074
       114  0.0000000000000059
       115  0.0000000000000048
       116  0.0000000000000038
       117  0.0000000000000031
       118  0.0000000000000025
       119  0.0000000000000020
       120  0.0000000000000016
       121  0.0000000000000013
       122  0.0000000000000010
       123  0.0000000000000008
       124  0.0000000000000007
       125  0.0000000000000006
       126  0.0000000000000005
       127  0.0000000000000004
       128  0.0000000000000003
       129  0.0000000000000002
       130  0.0000000000000002
       131  0.0000000000000002
       132  0.0000000000000001
       133  0.0000000000000001
       134  0.0000000000000001
       135  0.0000000000000001
       136  0.0000000000000001
       137  0.0000000000000001
       138  0.0000000000000000
       139  0.0000000000000000
       140  0.0000000000000000
       141  0.0000000000000000
       142  0.0000000000000000
       143  0.0000000000000000
       144  0.0000000000000000
       145  0.0000000000000000
       146  0.0000000000000000
       147  0.0000000000000000
       148  0.0000000000000000
       149  0.0000000000000000
       150  0.0000000000000000
       151  0.0000000000000000
       152  0.0000000000000000
       153  0.0000000000000000
       154  0.0000000000000000
       155  0.0000000000000000
       156  0.0000000000000000
       157  0.0000000000000000
       158  0.0000000000000000
       159  0.0000000000000000
       160  0.0000000000000000
       161  0.0000000000000000
       162  0.0000000000000000
       163  0.0000000000000000
       164  0.0000000000000000
       165  0.0000000000000000
       166  0.0000000000000000
       167  0.0000000000000000
       168  0.0000000000000000
       169  0.0000000000000000
       170  0.0000000000000000
       171  0.0000000000000000
       172  0.0000000000000000
       173  0.0000000000000000
       174  0.0000000000000000
       175  0.0000000000000000
       176  0.0000000000000000
       177  0.0000000000000000
       178  0.0000000000000000
       179  0.0000000000000000
       180  0.0000000000000000
       181  0.0000000000000000
       182  0.0000000000000000
       183  0.0000000000000000
       184  0.0000000000000000
       185  0.0000000000000000
       186  0.0000000000000000
       187  0.0000000000000000
       188  0.0000000000000000
       189  0.0000000000000000
       190  0.0000000000000000
       191  0.0000000000000000
       192  0.0000000000000000
       193  0.0000000000000000
       194  0.0000000000000000
       195  0.0000000000000000
       196  0.0000000000000000
       197  0.0000000000000000
       198  0.0000000000000000
       199  0.0000000000000000
       200  0.0000000000000000
       201  0.0000000000000000
       202  0.0000000000000000
       203  0.0000000000000000
       204  0.0000000000000000
       205  0.0000000000000000
       206  0.0000000000000000
       207  0.0000000000000000
       208  0.0000000000000000
       209  0.0000000000000000
       210  0.0000000000000000
       211  0.0000000000000000
       212  0.0000000000000000
       213  0.0000000000000000
       214  0.0000000000000000
       215  0.0000000000000000
       216  0.0000000000000000
       217  0.0000000000000000
       218  0.0000000000000000
       219  0.0000000000000000
       220  0.0000000000000000
       221  0.0000000000000000
       222  0.0000000000000000
       223  0.0000000000000000
       224  0.0000000000000000
       225  0.0000000000000000
       226  0.0000000000000000
       227  0.0000000000000000
       228  0.0000000000000000
       229  0.0000000000000000
       230  0.0000000000000000
       231  0.0000000000000000
       232  0.0000000000000000
       233  0.0000000000000000
       234  0.0000000000000000
       235  0.0000000000000000
       236  0.0000000000000000
       237  0.0000000000000000
       238  0.0000000000000000
       239  0.0000000000000000
       240  0.0000000000000000
