         0  0.6000000000000000
         1  0.5638708464626144
         2  0.5267376853049195
         3  0.4890991686062766
         4  0.4514410922929713
         5  0.4142293326789771
         6  0.3778969161944392
         7  0.3428301326807597
         8  0.3093567043315201
         9  0.2777377413029997
        10  0.2481642135999780
        11  0.2207578700565466
        12  0.1955759587189682
        13  0.1726187681432651
        14  0.1518388912905388
        15  0.1331511812428488
        16  0.1164425457908020
        17  0.1015809609051025
        18  0.0884233183302344
        19  0.0768219268783914
        20  0.0666296458633780
        21  0.0577037377077814
        22  0.0499085909932928
        23  0.0431174953884315
        24  0.0372136525362898
        25  0.0320905971558204
        26  0.0276521792529909
        27  0.0238122363201447
        28  0.0204940581111724
        29  0.0176297248126924
        30  0.0151593794359981
        31  0.0130304789596272
        32  0.0111970554998052
        33  0.0096190085850787
        34  0.0082614416029653
        35  0.0070940496344686
        36  0.0060905622133626
        37  0.0052282408799611
        38  0.0044874299334853
        39  0.0038511574241602
        40  0.0033047827292947
        41  0.0028356865996311
        42  0.0024329997960899
        43  0.0020873659778603
        44  0.0017907352935946
        45  0.0015361850232980
        46  0.0013177640095705
        47  0.0011303580031072
        48  0.0009695731631441
        49  0.0008316355544664
        50  0.0007133042758658
        51  0.0006117967655049
        52  0.0005247242608605
        53  0.0004500364203121
        54  0.0003859735210227
        55  0.0003310254411417
        56  0.0002838963625831
        57  0.0002434744424329
        58  0.0002088057536080
        59  0.0001790719017562
        60  0.0001535708030776
        61  0.0001317001799970
        62  0.0001129433921566
        63  0.0000968572737883
        64  0.0000830616952835
        65  0.0000712306051709
        66  0.0000610843430238
        67  0.0000523830437130
        68  0.0000449209781649
        69  0.0000385216981175
        70  0.0000330338708109
        71  0.0000283277057270
        72  0.0000242918893413
        73  0.0000208309557715
        74  0.0000178630313375
        75  0.0000153178999428
        76  0.0000131353437107
        77  0.0000112637197177
        78  0.0000096587392527
        79  0.0000082824208003
        80  0.0000071021921398
        81  0.0000060901197115
        82  0.0000052222488180
        83  0.0000044780364833
        84  0.0000038398658885
        85  0.0000032926294080
        86  0.0000028233716673
        87  0.0000024209826332
        88  0.0000020759347747
        89  0.0000017800582045
        90  0.0000015263464850
        91  0.0000013087917530
        92  0.0000011222418867
        93  0.0000009622786982
        94  0.0000008251136691
        95  0.0000007074980454
        96  0.0000006066458603
        97  0.0000005201681550
        98  0.0000004460164298
        99  0.0000003824340310
       100  0.0000003279146318
       101  0.0000002811665568
       102  0.0000002410821966
       103  0.0000002067117864
       104  0.0000001772409108
       105  0.0000001519712197
       106  0.0000001303038892
       107  0.0000001117254392
       108  0.0000000957955723
       109  0.0000000821367443
       110  0.0000000704252221
       111  0.0000000603834148
       112  0.0000000517732978
       113  0.0000000443907736
       114  0.0000000380608369
       115  0.0000000326334282
       116  0.0000000279798783
       117  0.0000000239898597
       118  0.0000000205687724
       119  0.0000000176355018
       120  0.0000000151204981
       121  0.0000000129641229
       122  0.0000000111152439
       123  0.0000000095300170
       124  0.0000000081708489
       125  0.0000000070055061
       126  0.0000000060063511
       127  0.0000000051496862
       128  0.0000000044151928
       129  0.0000000037854496
       130  0.0000000032455189
       131  0.0000000027825927
       132  0.0000000023856908
       133  0.0000000020453967
       134  0.0000000017536373
       135  0.0000000015034919
       136  0.0000000012890245
       137  0.0000000011051475
       138  0.0000000009474981
       139  0.0000000008123352
       140  0.0000000006964523
       141  0.0000000005970988
       142  0.0000000005119178
       143  0.0000000004388873
       144  0.0000000003762747
       145  0.0000000003225937
       146  0.0000000002765705
       147  0.0000000002371127
       148  0.0000000002032838
       149  0.0000000001742809
       150  0.0000000001494156
       151  0.0000000001280976
       152  0.0000000001098209
       153  0.0000000000941518
       154  0.0000000000807181
       155  0.0000000000692010
       156  0.0000000000593270
       157  0.0000000000508619
       158  0.0000000000436045
       159  0.0000000000373825
       160  0.0000000000320483
       161  0.0000000000274753
       162  0.0000000000235547
       163  0.0000000000201935
       164  0.0000000000173119
       165  0.0000000000148415
       166  0.0000000000127236
       167  0.0000000000109079
       168  0.0000000000093513
       169  0.0000000000080168
       170  0.0000000000068727
       171  0.0000000000058919
       172  0.0000000000050510
       173  0.0000000000043302
       174  0.0000000000037122
       175  0.0000000000031824
       176  0.0000000000027282
       177  0.0000000000023389
       178  0.0000000000020051
       179  0.0000000000017189
       180  0.0000000000014736
       181  0.0000000000012632
       182  0.0000000000010829
       183  0.0000000000009284
       184  0.0000000000007959
       185  0.0000000000006823
       186  0.0000000000005849
       187  0.0000000000005014
       188  0.0000000000004298
       189  0.0000000000003685
       190  0.0000000000003159
       191  0.0000000000002708
       192  0.0000000000002321
       193  0.0000000000001990
       194  0.0000000000001706
       195  0.0000000000001462
       196  0.0000000000001254
       197  0.0000000000001075
       198  0.0000000000000921
       199  0.0000000000000790
       200  0.0000000000000677
       201  0.0000000000000580
       202  0.0000000000000498
       203  0.0000000000000427
       204  0.0000000000000366
       205  0.0000000000000313
       206  0.0000000000000269
       207  0.0000000000000230
       208  0.0000000000000197
       209  0.0000000000000169
       210  0.0000000000000145
       211  0.0000000000000124
       212  0.0000000000000107
       213  0.0000000000000091
       214  0.0000000000000078
       215  0.0000000000000067
       216  0.0000000000000058
       217  0.0000000000000049
       218  0.0000000000000042
       219  0.0000000000000036
       220  0.0000000000000031
       221  0.0000000000000027
       222  0.0000000000000023
       223  0.0000000000000020
       224  0.0000000000000017
       225  0.0000000000000014
       226  0.0000000000000012
       227  0.0000000000000011
       228  0.0000000000000009
       229  0.0000000000000008
       230  0.0000000000000007
       231  0.0000000000000006
       232  0.0000000000000005
       233  0.0000000000000004
       234  0.0000000000000004
       235  0.0000000000000003
       236  0.0000000000000003
       237  0.0000000000000002
       238  0.0000000000000002
       239  0.0000000000000002
       240  0.0000000000000001
       241  0.0000000000000001
       242  0.0000000000000001
       243  0.0000000000000001
       244  0.0000000000000001
       245  0.0000000000000001
       246  0.0000000000000001
       247  0.0000000000000000
       248  0.0000000000000000
       249  0.0000000000000000
       250  0.0000000000000000
       251  0.0000000000000000
       252  0.0000000000000000
       253  0.0000000000000000
       254  0.0000000000000000
       255  0.0000000000000000
       256  0.0000000000000000
       257  0.0000000000000000
       258  0.0000000000000000
       259  0.0000000000000000
       260  0.0000000000000000
       261  0.0000000000000000
       262  0.0000000000000000
       263  0.0000000000000000
       264  0.0000000000000000
       265  0.0000000000000000
       266  0.0000000000000000
       267  0.0000000000000000
       268  0.0000000000000000
       269  0.0000000000000000
       270  0.0000000000000000
       271  0.0000000000000000
       272  0.0000000000000000
       273  0.0000000000000000
       274  0.0000000000000000
       275  0.0000000000000000
       276  0.0000000000000000
       277  0.0000000000000000
       278  0.0000000000000000
       279  0.0000000000000000
       280  0.0000000000000000
       281  0.0000000000000000
       282  0.0000000000000000
       283  0.0000000000000000
       284  0.0000000000000000
       285  0.0000000000000000
       286  0.0000000000000000
       287  0.0000000000000000
       288  0.0000000000000000
       289  0.0000000000000000
       290  0.0000000000000000
       291  0.0000000000000000
       292  0.0000000000000000
       293  0.0000000000000000
       294  0.0000000000000000
       295  0.0000000000000000
       296  0.0000000000000000
       297  0.0000000000000000
       298  0.0000000000000000
       299  0.0000000000000000
       300  0.0000000000000000
       301  0.0000000000000000
       302  0.0000000000000000
       303  0.0000000000000000
       304  0.0000000000000000
       305  0.0000000000000000
       306  0.0000000000000000
       307  0.0000000000000000
       308  0.0000000000000000
       309  0.0000000000000000
       310  0.0000000000000000
       311  0.0000000000000000
       312  0.0000000000000000
       313  0.0000000000000000
       314  0.0000000000000000
       315  0.0000000000000000
       316  0.0000000000000000
       317  0.0000000000000000
       318  0.0000000000000000
       319  0.0000000000000000
       320  0.0000000000000000
