         0  0.5000000000000000
         1  0.5310210503941999
         2  0.4855950878894225
         3  0.3823691149809800
         4  0.2614241796853443
         5  0.1525427799890977
         6  0.0780616281368087
         7  0.0369279539748233
         8  0.0169373408425886
         9  0.0077618764286208
        10  0.0036128544996195
        11  0.0017235483241395
        12  0.0008474043215002
        13  0.0004310576584291
        14  0.0002275358510311
        15  0.0001249244028917
        16  0.0000714622387783
        17  0.0000426380631105
        18  0.0000265426353168
        19  0.0000172303590873
        20  0.0000116481217890
        21  0.0000081823000483
        22  0.0000059549112999
        23  0.0000044742182479
        24  0.0000034568937681
        25  0.0000027351847746
        26  0.0000022071932229
        27  0.0000018095510531
        28  0.0000015020020203
        29  0.0000012584670683
        30  0.0000010617291928
        31  0.0000009001943328
        32  0.0000007658780168
        33  0.0000006531366317
        34  0.0000005578620555
        35  0.0000004769691846
        36  0.0000004080696809
        37  0.0000003492637726
        38  0.0000002990062903
        39  0.0000002560189672
        40  0.0000002192313854
        41  0.0000001877397102
        42  0.0000001607766036
        43  0.0000001376883579
        44  0.0000001179168775
        45  0.0000001009850775
        46  0.0000000864848095
        47  0.0000000740667425
        48  0.0000000634318079
        49  0.0000000543239292
        50  0.0000000465238225
        51  0.0000000398437014
        52  0.0000000341227481
        53  0.0000000292232386
        54  0.0000000250272250
        55  0.0000000214336955
        56  0.0000000183561424
        57  0.0000000157204792
        58  0.0000000134632572
        59  0.0000000115301379
        60  0.0000000098745852
        61  0.0000000084567447
        62  0.0000000072424846
        63  0.0000000062025738
        64  0.0000000053119784
        65  0.0000000045492589
        66  0.0000000038960544
        67  0.0000000033366401
        68  0.0000000028575493
        69  0.0000000024472486
        70  0.0000000020958608
        71  0.0000000017949270
        72  0.0000000015372027
        73  0.0000000013164838
        74  0.0000000011274567
        75  0.0000000009655710
        76  0.0000000008269297
        77  0.0000000007081951
        78  0.0000000006065090
        79  0.0000000005194236
        80  0.0000000004448422
        81  0.0000000003809696
        82  0.0000000003262682
        83  0.0000000002794210
        84  0.0000000002393004
        85  0.0000000002049405
        86  0.0000000001755141
        87  0.0000000001503130
        88  0.0000000001287303
        89  0.0000000001102466
        90  0.0000000000944169
        91  0.0000000000808600
        92  0.0000000000692498
        93  0.0000000000593065
        94  0.0000000000507910
        95  0.0000000000434982
        96  0.0000000000372525
        97  0.0000000000319036
        98  0.0000000000273227
        99  0.0000000000233996
       100  0.0000000000200398
       101  0.0000000000171624
       102  0.0000000000146981
       103  0.0000000000125877
       104  0.0000000000107803
       105  0.0000000000092324
       106  0.0000000000079068
       107  0.0000000000067715
       108  0.0000000000057992
       109  0.0000000000049665
       110  0.0000000000042534
       111  0.0000000000036427
       112  0.0000000000031196
       113  0.0000000000026717
       114  0.0000000000022881
       115  0.0000000000019596
       116  0.0000000000016782
       117  0.0000000000014372
       118  0.0000000000012309
       119  0.0000000000010541
       120  0.0000000000009028
       121  0.0000000000007732
       122  0.0000000000006621
       123  0.0000000000005671
       124  0.0000000000004856
       125  0.0000000000004159
       126  0.0000000000003562
       127  0.0000000000003050
       128  0.0000000000002612
       129  0.0000000000002237
       130  0.0000000000001916
       131  0.0000000000001641
       132  0.0000000000001405
       133  0.0000000000001204
       134  0.0000000000001031
       135  0.0000000000000883
       136  0.0000000000000756
       137  0.0000000000000647
       138  0.0000000000000554
       139  0.0000000000000475
       140  0.0000000000000407
       141  0.0000000000000348
       142  0.0000000000000298
       143  0.0000000000000255
       144  0.0000000000000219
       145  0.0000000000000187
       146  0.0000000000000160
       147  0.0000000000000137
       148  0.0000000000000118
       149  0.0000000000000101
       150  0.0000000000000086
       151  0.0000000000000074
       152  0.0000000000000063
       153  0.0000000000000054
       154  0.0000000000000046
       155  0.0000000000000040
       156  0.0000000000000034
       157  0.0000000000000029
       158  0.0000000000000025
       159  0.0000000000000021
       160  0.0000000000000018
       161  0.0000000000000016
       162  0.0000000000000013
       163  0.0000000000000012
       164  0.0000000000000010
       165  0.0000000000000008
       166  0.0000000000000007
       167  0.0000000000000006
       168  0.0000000000000005
       169  0.0000000000000005
       170  0.0000000000000004
       171  0.0000000000000003
       172  0.0000000000000003
       173  0.0000000000000002
       174  0.0000000000000002
       175  0.0000000000000002
       176  0.0000000000000002
       177  0.0000000000000001
       178  0.0000000000000001
       179  0.0000000000000001
       180  0.0000000000000001
       181  0.0000000000000001
       182  0.0000000000000001
       183  0.0000000000000001
       184  0.0000000000000000
       185  0.0000000000000000
       186  0.0000000000000000
       187  0.0000000000000000
       188  0.0000000000000000
       189  0.0000000000000000
       190  0.0000000000000000
       191  0.0000000000000000
       192  0.0000000000000000
       193  0.0000000000000000
       194  0.0000000000000000
       195  0.0000000000000000
       196  0.0000000000000000
       197  0.0000000000000000
       198  0.0000000000000000
       199  0.0000000000000000
       200  0.0000000000000000
       201  0.0000000000000000
       202  0.0000000000000000
       203  0.0000000000000000
       204  0.0000000000000000
       205  0.0000000000000000
       206  0.0000000000000000
       207  0.0000000000000000
       208  0.0000000000000000
       209  0.0000000000000000
       210  0.0000000000000000
       211  0.0000000000000000
       212  0.0000000000000000
       213  0.0000000000000000
       214  0.0000000000000000
       215  0.0000000000000000
       216  0.0000000000000000
       217  0.0000000000000000
       218  0.0000000000000000
       219  0.0000000000000000
       220  0.0000000000000000
       221  0.0000000000000000
       222  0.0000000000000000
       223  0.0000000000000000
       224  0.0000000000000000
       225  0.0000000000000000
       226  0.0000000000000000
       227  0.0000000000000000
       228  0.0000000000000000
       229  0.0000000000000000
       230  0.0000000000000000
       231  0.0000000000000000
       232  0.0000000000000000
       233  0.0000000000000000
       234  0.0000000000000000
       235  0.0000000000000000
       236  0.0000000000000000
       237  0.0000000000000000
       238  0.0000000000000000
       239  0.0000000000000000
       240  0.0000000000000000
       241  0.0000000000000000
       242  0.0000000000000000
       243  0.0000000000000000
       244  0.0000000000000000
       245  0.0000000000000000
       246  0.0000000000000000
       247  0.0000000000000000
       248  0.0000000000000000
       249  0.0000000000000000
       250  0.0000000000000000
       251  0.0000000000000000
       252  0.0000000000000000
       253  0.0000000000000000
       254  0.0000000000000000
       255  0.0000000000000000
       256  0.0000000000000000
       257  0.0000000000000000
       258  0.0000000000000000
       259  0.0000000000000000
       260  0.0000000000000000
       261  0.0000000000000000
       262  0.0000000000000000
       263  0.0000000000000000
       264  0.0000000000000000
       265  0.0000000000000000
       266  0.0000000000000000
       267  0.0000000000000000
       268  0.0000000000000000
       269  0.0000000000000000
       270  0.0000000000000000
       271  0.0000000000000000
       272  0.0000000000000000
       273  0.0000000000000000
       274  0.0000000000000000
       275  0.0000000000000000
       276  0.0000000000000000
       277  0.0000000000000000
       278  0.0000000000000000
       279  0.0000000000000000
       280  0.0000000000000000
