         0  0.1000000000000000
         1  0.0865642347510201
         2  0.0754804543603153
         3  0.0662309629902705
         4  0.0583966997008312
         5  0.0516549946874362
         6  0.0457669797550392
         7  0.0405614289091330
         8  0.0359185485215288
         9  0.0317554916531118
        10  0.0280144166679696
        11  0.0246533296726582
        12  0.0216395615240408
        13  0.0189454868971284
        14  0.0165459818485350
        15  0.0144171127578257
        16  0.0125356180936604
        17  0.0108788450116366
        18  0.0094249053613597
        19  0.0081529027201317
        20  0.0070431472013852
        21  0.0060773188299583
        22  0.0052385673053868
        23  0.0045115510207642
        24  0.0038824249252941
        25  0.0033387893950388
        26  0.0028696115422705
        27  0.0024651291908443
        28  0.0021167455416054
        29  0.0018169207369017
        30  0.0015590647816124
        31  0.0013374348793750
        32  0.0011470391244596
        33  0.0009835476602742
        34  0.0008432117810038
        35  0.0007227910151041
        36  0.0006194879919195
        37  0.0005308906235797
        38  0.0004549210807313
        39  0.0003897909743181
        40  0.0003339621440956
        41  0.0002861124548195
        42  0.0002451060640696
        43  0.0002099676061817
        44  0.0001798598436718
        45  0.0001540643437114
        46  0.0001319647922021
        47  0.0001130326090586
        48  0.0000968145486290
        49  0.0000829220383817
        50  0.0000710219923797
        51  0.0000608289348153
        52  0.0000520982128379
        53  0.0000446201872349
        54  0.0000382152299716
        55  0.0000327294412668
        56  0.0000280309719289
        57  0.0000240068698703
        58  0.0000205603758840
        59  0.0000176086053423
        60  0.0000150805609655
        61  0.0000129154296336
        62  0.0000110611227570
        63  0.0000094730254816
        64  0.0000081129250092
        65  0.0000069480924215
        66  0.0000059504960473
        67  0.0000050961275862
        68  0.0000043644248231
        69  0.0000037377771277
        70  0.0000032011018751
        71  0.0000027414816260
        72  0.0000023478533598
        73  0.0000020107422984
        74  0.0000017220339211
        75  0.0000014747786978
        76  0.0000012630248490
        77  0.0000010816751093
        78  0.0000009263640518
        79  0.0000007933530204
        80  0.0000006794401557
        81  0.0000005818832836
        82  0.0000004983339867
        83  0.0000004267810157
        84  0.0000003655019074
        85  0.0000003130214967
        86  0.0000002680764496
        87  0.0000002295848106
        88  0.0000001966199589
        89  0.0000001683883575
        90  0.0000001442103650
        91  0.0000001235039643
        92  0.0000001057706880
        93  0.0000000905836307
        94  0.0000000775772015
        95  0.0000000664383005
        96  0.0000000568987738
        97  0.0000000487289744
        98  0.0000000417322347
        99  0.0000000357401204
       100  0.0000000306083826
       101  0.0000000262134844
       102  0.0000000224496267
       103  0.0000000192262017
       104  0.0000000164656115
       105  0.0000000141014000
       106  0.0000000120766533
       107  0.0000000103426295
       108  0.0000000088575850
       109  0.0000000075857703
       110  0.0000000064965688
       111  0.0000000055637601
       112  0.0000000047648886
       113  0.0000000040807229
       114  0.0000000034947930
       115  0.0000000029929937
       116  0.0000000025632452
       117  0.0000000021952021
       118  0.0000000018800044
       119  0.0000000016100643
       120  0.0000000013788836
       121  0.0000000011808969
       122  0.0000000010113380
       123  0.0000000008661252
       124  0.0000000007417628
       125  0.0000000006352569
       126  0.0000000005440436
       127  0.0000000004659272
       128  0.0000000003990271
       129  0.0000000003417329
       130  0.0000000002926652
       131  0.0000000002506429
       132  0.0000000002146544
       133  0.0000000001838333
       134  0.0000000001574376
       135  0.0000000001348320
       136  0.0000000001154721
       137  0.0000000000988921
       138  0.0000000000846927
       139  0.0000000000725321
       140  0.0000000000621176
       141  0.0000000000531984
       142  0.0000000000455600
       143  0.0000000000390182
       144  0.0000000000334158
       145  0.0000000000286178
       146  0.0000000000245087
       147  0.0000000000209896
       148  0.0000000000179759
       149  0.0000000000153948
       150  0.0000000000131843
       151  0.0000000000112913
       152  0.0000000000096700
       153  0.0000000000082815
       154  0.0000000000070924
       155  0.0000000000060741
       156  0.0000000000052019
       157  0.0000000000044550
       158  0.0000000000038153
       159  0.0000000000032675
       160  0.0000000000027983
       161  0.0000000000023965
       162  0.0000000000020524
       163  0.0000000000017577
       164  0.0000000000015054
       165  0.0000000000012892
       166  0.0000000000011041
       167  0.0000000000009456
       168  0.0000000000008098
       169  0.0000000000006935
       170  0.0000000000005939
       171  0.0000000000005087
       172  0.0000000000004356
       173  0.0000000000003731
       174  0.0000000000003195
       175  0.0000000000002736
       176  0.0000000000002343
       177  0.0000000000002007
       178  0.0000000000001719
       179  0.0000000000001472
       180  0.0000000000001261
       181  0.0000000000001080
       182  0.0000000000000925
       183  0.0000000000000792
       184  0.0000000000000678
       185  0.0000000000000581
       186  0.0000000000000497
       187  0.0000000000000426
       188  0.0000000000000365
       189  0.0000000000000312
       190  0.0000000000000268
       191  0.0000000000000229
       192  0.0000000000000196
       193  0.0000000000000168
       194  0.0000000000000144
       195  0.0000000000000123
       196  0.0000000000000106
       197  0.0000000000000090
       198  0.0000000000000077
       199  0.0000000000000066
       200  0.0000000000000057
       201  0.0000000000000049
       202  0.0000000000000042
       203  0.0000000000000036
       204  0.0000000000000031
       205  0.0000000000000026
       206  0.0000000000000022
       207  0.0000000000000019
       208  0.0000000000000016
       209  0.0000000000000014
       210  0.0000000000000012
       211  0.0000000000000010
       212  0.0000000000000009
       213  0.0000000000000008
       214  0.0000000000000006
       215  0.0000000000000006
       216  0.0000000000000005
       217  0.0000000000000004
       218  0.0000000000000003
       219  0.0000000000000003
       220  0.0000000000000003
       221  0.0000000000000002
       222  0.0000000000000002
       223  0.0000000000000002
       224  0.0000000000000001
       225  0.0000000000000001
       226  0.0000000000000001
       227  0.0000000000000001
       228  0.0000000000000001
       229  0.0000000000000001
       230  0.0000000000000001
       231  0.0000000000000000
       232  0.0000000000000000
       233  0.0000000000000000
       234  0.0000000000000000
       235  0.0000000000000000
       236  0.0000000000000000
       237  0.0000000000000000
       238  0.0000000000000000
       239  0.0000000000000000
       240  0.0000000000000000
       241  0.0000000000000000
       242  0.0000000000000000
       243  0.0000000000000000
       244  0.0000000000000000
       245  0.0000000000000000
       246  0.0000000000000000
       247  0.0000000000000000
       248  0.0000000000000000
       249  0.0000000000000000
       250  0.0000000000000000
       251  0.0000000000000000
       252  0.0000000000000000
       253  0.0000000000000000
       254  0.0000000000000000
       255  0.0000000000000000
       256  0.0000000000000000
       257  0.0000000000000000
       258  0.0000000000000000
       259  0.0000000000000000
       260  0.0000000000000000
       261  0.0000000000000000
       262  0.0000000000000000
       263  0.0000000000000000
       264  0.0000000000000000
       265  0.0000000000000000
       266  0.0000000000000000
       267  0.0000000000000000
       268  0.0000000000000000
       269  0.0000000000000000
       270  0.0000000000000000
       271  0.0000000000000000
       272  0.0000000000000000
       273  0.0000000000000000
       274  0.0000000000000000
       275  0.0000000000000000
       276  0.0000000000000000
       277  0.0000000000000000
       278  0.0000000000000000
       279  0.0000000000000000
       280  0.0000000000000000
       281  0.0000000000000000
       282  0.0000000000000000
       283  0.0000000000000000
       284  0.0000000000000000
       285  0.0000000000000000
       286  0.0000000000000000
       287  0.0000000000000000
       288  0.0000000000000000
       289  0.0000000000000000
       290  0.0000000000000000
       291  0.0000000000000000
       292  0.0000000000000000
       293  0.0000000000000000
       294  0.0000000000000000
       295  0.0000000000000000
       296  0.0000000000000000
       297  0.0000000000000000
       298  0.0000000000000000
       299  0.0000000000000000
       300  0.0000000000000000
       301  0.0000000000000000
       302  0.0000000000000000
       303  0.0000000000000000
       304  0.0000000000000000
       305  0.0000000000000000
       306  0.0000000000000000
       307  0.0000000000000000
       308  0.0000000000000000
       309  0.0000000000000000
       310  0.0000000000000000
       311  0.0000000000000000
       312  0.0000000000000000
       313  0.0000000000000000
       314  0.0000000000000000
       315  0.0000000000000000
       316  0.0000000000000000
       317  0.0000000000000000
       318  0.0000000000000000
       319  0.0000000000000000
       320  0.0000000000000000
