         0  0.3000000000000000
         1  0.3111686836863025
         2  0.3303290668954717
         3  0.3581724756920801
         4  0.3943516421195865
         5  0.4412354641097634
         6  0.5028329091081581
         7  0.5768383205575984
         8  0.6603459852885709
         9  0.7470291453890413
        10  0.8268445149218947
        11  0.8905876752556239
        12  0.9350141888650054
        13  0.9628665952075973
        14  0.9791740213240560
        15  0.9883751629384852
        16  0.9934861781721958
        17  0.9963177195440078
        18  0.9978939996755923
        19  0.9987794484559182
        20  0.9992825267830862
        21  0.9995720114328636
        22  0.9997408447042971
        23  0.9998406868523212
        24  0.9999005676787938
        25  0.9999369943946307
        26  0.9999594701534420
        27  0.9999735354275764
        28  0.9999824618713170
        29  0.9999882062830986
        30  0.9999919540799465
        31  0.9999944325531479
        32  0.9999960935701402
        33  0.9999972213914271
        34  0.9999979970478182
        35  0.9999985372308902
        36  0.9999989180586825
        37  0.9999991897657395
        38  0.9999993858857682
        39  0.9999995290560072
        40  0.9999996347259837
        41  0.9999997135529958
        42  0.9999997729655666
        43  0.9999998181944845
        44  0.9999998529595849
        45  0.9999998799317326
        46  0.9999999010466173
        47  0.9999999177198895
        48  0.9999999309960264
        49  0.9999999416522480
        50  0.9999999502716974
        51  0.9999999572954332
        52  0.9999999630596283
        53  0.9999999678224537
        54  0.9999999717836124
        55  0.9999999750986737
        56  0.9999999778896488
        57  0.9999999802528584
        58  0.9999999822648262
        59  0.9999999839867197
        60  0.9999999854677231
        61  0.9999999867476108
        62  0.9999999878587240
        63  0.9999999888275015
        64  0.9999999896756687
        65  0.9999999904211662
        66  0.9999999910788794
        67  0.9999999916612176
        68  0.9999999921785713
        69  0.9999999926396788
        70  0.9999999930519194
        71  0.9999999934215501
        72  0.9999999937538969
        73  0.9999999940535103
        74  0.9999999943242928
        75  0.9999999945696026
        76  0.9999999947923397
        77  0.9999999949950164
        78  0.9999999951798161
        79  0.9999999953486427
        80  0.9999999955031608
        81  0.9999999956448299
        82  0.9999999957749340
        83  0.9999999958946051
        84  0.9999999960048438
        85  0.9999999961065374
        86  0.9999999962004741
        87  0.9999999962873558
        88  0.9999999963678095
        89  0.9999999964423957
        90  0.9999999965116174
        91  0.9999999965759263
        92  0.9999999966357295
        93  0.9999999966913936
        94  0.9999999967432507
        95  0.9999999967916009
        96  0.9999999968367169
        97  0.9999999968788463
        98  0.9999999969182146
        99  0.9999999969550271
       100  0.9999999969894715
       101  0.9999999970217196
       102  0.9999999970519284
       103  0.9999999970802421
       104  0.9999999971067930
       105  0.9999999971317030
       106  0.9999999971550839
       107  0.9999999971770394
       108  0.9999999971976644
       109  0.9999999972170474
       110  0.9999999972352696
       111  0.9999999972524065
       112  0.9999999972685282
       113  0.9999999972836994
       114  0.9999999972979804
       115  0.9999999973114271
       116  0.9999999973240916
       117  0.9999999973360225
       118  0.9999999973472649
       119  0.9999999973578607
       120  0.9999999973678495
       121  0.9999999973772679
       122  0.9999999973861499
       123  0.9999999973945278
       124  0.9999999974024315
       125  0.9999999974098890
       126  0.9999999974169266
       127  0.9999999974235688
       128  0.9999999974298389
       129  0.9999999974357583
       130  0.9999999974413474
       131  0.9999999974466252
       132  0.9999999974516095
       133  0.9999999974563172
       134  0.9999999974607642
       135  0.9999999974649650
       136  0.9999999974689340
       137  0.9999999974726840
       138  0.9999999974762274
       139  0.9999999974795759
       140  0.9999999974827405
       141  0.9999999974857313
       142  0.9999999974885583
       143  0.9999999974912304
       144  0.9999999974937562
       145  0.9999999974961440
       146  0.9999999974984014
       147  0.9999999975005357
       148  0.9999999975025535
       149  0.9999999975044614
       150  0.9999999975062654
       151  0.9999999975079714
       152  0.9999999975095845
       153  0.9999999975111099
       154  0.9999999975125525
       155  0.9999999975139169
       156  0.9999999975152071
       157  0.9999999975164274
       158  0.9999999975175816
       159  0.9999999975186732
       160  0.9999999975197057
       161  0.9999999975206822
       162  0.9999999975216061
       163  0.9999999975224798
       164  0.9999999975233063
       165  0.9999999975240881
       166  0.9999999975248277
       167  0.9999999975255273
       168  0.9999999975261891
       169  0.9999999975268151
       170  0.9999999975274074
       171  0.9999999975279678
       172  0.9999999975284978
       173  0.9999999975289992
       174  0.9999999975294735
       175  0.9999999975299224
       176  0.9999999975303470
       177  0.9999999975307486
       178  0.9999999975311287
       179  0.9999999975314883
       180  0.9999999975318284
       181  0.9999999975321503
       182  0.9999999975324548
       183  0.9999999975327428
       184  0.9999999975330155
       185  0.9999999975332733
       186  0.9999999975335173
       187  0.9999999975337481
       188  0.9999999975339666
       189  0.9999999975341732
       190  0.9999999975343687
       191  0.9999999975345538
       192  0.9999999975347288
       193  0.9999999975348944
       194  0.9999999975350511
       195  0.9999999975351994
       196  0.9999999975353396
       197  0.9999999975354724
       198  0.9999999975355980
       199  0.9999999975357169
       200  0.9999999975358292
       201  0.9999999975359357
       202  0.9999999975360363
       203  0.9999999975361316
       204  0.9999999975362217
       205  0.9999999975363070
       206  0.9999999975363877
       207  0.9999999975364640
       208  0.9999999975365362
       209  0.9999999975366045
       210  0.9999999975366692
       211  0.9999999975367304
       212  0.9999999975367884
       213  0.9999999975368431
       214  0.9999999975368949
       215  0.9999999975369440
       216  0.9999999975369904
       217  0.9999999975370343
       218  0.9999999975370759
       219  0.9999999975371152
       220  0.9999999975371524
       221  0.9999999975371876
       222  0.9999999975372209
       223  0.9999999975372524
       224  0.9999999975372822
       225  0.9999999975373104
       226  0.9999999975373371
       227  0.9999999975373624
       228  0.9999999975373863
       229  0.9999999975374089
       230  0.9999999975374303
       231  0.9999999975374505
       232  0.9999999975374697
       233  0.9999999975374878
       234  0.9999999975375050
       235  0.9999999975375212
       236  0.9999999975375365
       237  0.9999999975375511
       238  0.9999999975375649
       239  0.9999999975375778
       240  0.9999999975375902
       241  0.9999999975376018
       242  0.9999999975376128
       243  0.9999999975376233
       244  0.9999999975376331
       245  0.9999999975376425
       246  0.9999999975376513
       247  0.9999999975376597
       248  0.9999999975376676
       249  0.9999999975376751
       250  0.9999999975376821
       251  0.9999999975376889
       252  0.9999999975376952
       253  0.9999999975377012
       254  0.9999999975377069
       255  0.9999999975377122
       256  0.9999999975377173
       257  0.9999999975377221
       258  0.9999999975377266
       259  0.9999999975377309
       260  0.9999999975377351
       261  0.9999999975377388
       262  0.9999999975377425
       263  0.9999999975377459
       264  0.9999999975377493
       265  0.9999999975377524
       266  0.9999999975377553
       267  0.9999999975377580
       268  0.9999999975377606
       269  0.9999999975377631
       270  0.9999999975377655
       271  0.9999999975377677
       272  0.9999999975377697
       273  0.9999999975377717
       274  0.9999999975377736
       275  0.9999999975377754
       276  0.9999999975377770
       277  0.9999999975377787
       278  0.9999999975377801
       279  0.9999999975377816
       280  0.9999999975377829
       281  0.9999999975377841
       282  0.9999999975377853
       283  0.9999999975377865
       284  0.9999999975377876
       285  0.9999999975377886
       286  0.9999999975377896
       287  0.9999999975377905
       288  0.9999999975377913
       289  0.9999999975377921
       290  0.9999999975377929
       291  0.9999999975377937
       292  0.9999999975377943
       293  0.9999999975377950
       294  0.9999999975377956
       295  0.9999999975377962
       296  0.9999999975377968
       297  0.9999999975377972
       298  0.9999999975377978
       299  0.9999999975377982
       300  0.9999999975377987
       301  0.9999999975377991
       302  0.9999999975377994
       303  0.9999999975377999
       304  0.9999999975378002
       305  0.9999999975378006
       306  0.9999999975378009
       307  0.9999999975378011
       308  0.9999999975378014
       309  0.9999999975378017
       310  0.9999999975378019
       311  0.9999999975378022
       312  0.9999999975378024
       313  0.9999999975378027
       314  0.9999999975378028
       315  0.9999999975378030
       316  0.9999999975378032
       317  0.9999999975378033
       318  0.9999999975378036
       319  0.9999999975378037
       320  0.9999999975378038
       321  0.9999999975378039
       322  0.9999999975378041
       323  0.9999999975378042
       324  0.9999999975378043
       325  0.9999999975378044
       326  0.9999999975378046
       327  0.9999999975378046
       328  0.9999999975378047
       329  0.9999999975378048
       330  0.9999999975378049
       331  0.9999999975378049
       332  0.9999999975378050
       333  0.9999999975378051
       334  0.9999999975378051
       335  0.9999999975378052
       336  0.9999999975378052
       337  0.9999999975378053
       338  0.9999999975378053
       339  0.9999999975378053
       340  0.9999999975378054
       341  0.9999999975378054
       342  0.9999999975378056
       343  0.9999999975378056
       344  0.9999999975378056
       345  0.9999999975378056
       346  0.9999999975378057
       347  0.9999999975378057
       348  0.9999999975378057
       349  0.9999999975378057
       350  0.9999999975378058
       351  0.9999999975378058
       352  0.9999999975378058
       353  0.9999999975378058
       354  0.9999999975378058
       355  0.9999999975378058
       356  0.9999999975378059
       357  0.9999999975378059
       358  0.9999999975378059
       359  0.9999999975378059
       360  0.9999999975378059
       361  0.9999999975378059
       362  0.9999999975378059
       363  0.9999999975378059
       364  0.9999999975378059
       365  0.9999999975378059
       366  0.9999999975378059
       367  0.9999999975378059
       368  0.9999999975378059
       369  0.9999999975378059
       370  0.9999999975378059
       371  0.9999999975378059
       372  0.9999999975378060
       373  0.9999999975378060
       374  0.9999999975378060
       375  0.9999999975378060
       376  0.9999999975378060
       377  0.9999999975378060
       378  0.9999999975378060
       379  0.9999999975378060
       380  0.9999999975378060
       381  0.9999999975378060
       382  0.9999999975378060
       383  0.9999999975378060
       384  0.9999999975378059
       385  0.9999999975378059
       386  0.9999999975378059
       387  0.9999999975378059
       388  0.9999999975378059
       389  0.9999999975378059
       390  0.9999999975378059
       391  0.9999999975378059
       392  0.9999999975378059
       393  0.9999999975378059
       394  0.9999999975378059
       395  0.9999999975378059
       396  0.9999999975378059
       397  0.9999999975378059
       398  0.9999999975378059
       399  0.9999999975378059
       400  0.9999999975378059
       401  0.9999999975378059
       402  0.9999999975378059
       403  0.9999999975378059
       404  0.9999999975378059
       405  0.9999999975378059
       406  0.9999999975378059
       407  0.9999999975378059
       408  0.9999999975378059
       409  0.9999999975378059
       410  0.9999999975378059
       411  0.9999999975378059
       412  0.9999999975378059
       413  0.9999999975378058
       414  0.9999999975378058
       415  0.9999999975378058
       416  0.9999999975378058
       417  0.9999999975378058
       418  0.9999999975378058
       419  0.9999999975378058
       420  0.9999999975378058
       421  0.9999999975378058
       422  0.9999999975378058
       423  0.9999999975378058
       424  0.9999999975378058
       425  0.9999999975378058
       426  0.9999999975378058
       427  0.9999999975378058
       428  0.9999999975378058
       429  0.9999999975378058
       430  0.9999999975378058
       431  0.9999999975378058
       432  0.9999999975378058
       433  0.9999999975378057
       434  0.9999999975378057
       435  0.9999999975378057
       436  0.9999999975378057
       437  0.9999999975378057
       438  0.9999999975378057
       439  0.9999999975378057
       440  0.9999999975378057
       441  0.9999999975378057
       442  0.9999999975378057
       443  0.9999999975378057
       444  0.9999999975378057
       445  0.9999999975378057
       446  0.9999999975378057
       447  0.9999999975378057
       448  0.9999999975378057
       449  0.9999999975378057
       450  0.9999999975378057
       451  0.9999999975378057
       452  0.9999999975378056
       453  0.9999999975378056
       454  0.9999999975378056
       455  0.9999999975378056
       456  0.9999999975378056
       457  0.9999999975378056
       458  0.9999999975378056
       459  0.9999999975378056
       460  0.9999999975378056
       461  0.9999999975378056
       462  0.9999999975378056
       463  0.9999999975378056
       464  0.9999999975378056
       465  0.9999999975378056
       466  0.9999999975378056
       467  0.9999999975378056
       468  0.9999999975378056
       469  0.9999999975378056
       470  0.9999999975378054
       471  0.9999999975378054
       472  0.9999999975378054
       473  0.9999999975378054
       474  0.9999999975378054
       475  0.9999999975378054
       476  0.9999999975378054
       477  0.9999999975378054
       478  0.9999999975378054
       479  0.9999999975378054
       480  0.9999999975378054
       481  0.9999999975378054
       482  0.9999999975378054
       483  0.9999999975378054
       484  0.9999999975378054
       485  0.9999999975378054
       486  0.9999999975378054
       487  0.9999999975378054
       488  0.9999999975378053
       489  0.9999999975378053
       490  0.9999999975378053
       491  0.9999999975378053
       492  0.9999999975378053
       493  0.9999999975378053
       494  0.9999999975378053
       495  0.9999999975378053
       496  0.9999999975378053
       497  0.9999999975378053
       498  0.9999999975378053
       499  0.9999999975378053
       500  0.9999999975378053
       501  0.9999999975378053
       502  0.9999999975378053
       503  0.9999999975378053
       504  0.9999999975378053
       505  0.9999999975378053
       506  0.9999999975378053
       507  0.9999999975378052
       508  0.9999999975378052
       509  0.9999999975378052
       510  0.9999999975378052
       511  0.9999999975378052
       512  0.9999999975378052
       513  0.9999999975378052
       514  0.9999999975378052
       515  0.9999999975378052
       516  0.9999999975378052
       517  0.9999999975378052
       518  0.9999999975378052
       519  0.9999999975378052
       520  0.9999999975378052
       521  0.9999999975378052
       522  0.9999999975378052
       523  0.9999999975378052
       524  0.9999999975378052
       525  0.9999999975378051
       526  0.9999999975378051
       527  0.9999999975378051
       528  0.9999999975378051
       529  0.9999999975378051
       530  0.9999999975378051
       531  0.9999999975378051
       532  0.9999999975378051
       533  0.9999999975378051
       534  0.9999999975378051
       535  0.9999999975378051
       536  0.9999999975378051
       537  0.9999999975378051
       538  0.9999999975378051
       539  0.9999999975378051
       540  0.9999999975378051
       541  0.9999999975378051
       542  0.9999999975378051
       543  0.9999999975378050
       544  0.9999999975378050
       545  0.9999999975378050
       546  0.9999999975378050
       547  0.9999999975378050
       548  0.9999999975378050
       549  0.9999999975378050
       550  0.9999999975378050
       551  0.9999999975378050
       552  0.9999999975378050
       553  0.9999999975378050
       554  0.9999999975378050
       555  0.9999999975378050
       556  0.9999999975378050
       557  0.9999999975378050
       558  0.9999999975378050
       559  0.9999999975378050
       560  0.9999999975378050
       561  0.9999999975378050
       562  0.9999999975378049
       563  0.9999999975378049
       564  0.9999999975378049
       565  0.9999999975378049
       566  0.9999999975378049
       567  0.9999999975378049
       568  0.9999999975378049
       569  0.9999999975378049
       570  0.9999999975378049
       571  0.9999999975378049
       572  0.9999999975378049
       573  0.9999999975378049
       574  0.9999999975378049
       575  0.9999999975378049
       576  0.9999999975378049
       577  0.9999999975378049
       578  0.9999999975378049
       579  0.9999999975378049
       580  0.9999999975378048
       581  0.9999999975378048
       582  0.9999999975378048
       583  0.9999999975378048
       584  0.9999999975378048
       585  0.9999999975378048
       586  0.9999999975378048
       587  0.9999999975378048
       588  0.9999999975378048
       589  0.9999999975378048
       590  0.9999999975378048
       591  0.9999999975378048
       592  0.9999999975378048
       593  0.9999999975378048
       594  0.9999999975378048
       595  0.9999999975378048
       596  0.9999999975378048
       597  0.9999999975378048
       598  0.9999999975378047
       599  0.9999999975378047
       600  0.9999999975378047
       601  0.9999999975378047
       602  0.9999999975378047
       603  0.9999999975378047
       604  0.9999999975378047
       605  0.9999999975378047
       606  0.9999999975378047
       607  0.9999999975378047
       608  0.9999999975378047
       609  0.9999999975378047
       610  0.9999999975378047
       611  0.9999999975378047
       612  0.9999999975378047
       613  0.9999999975378047
       614  0.9999999975378047
       615  0.9999999975378047
       616  0.9999999975378047
       617  0.9999999975378046
       618  0.9999999975378046
       619  0.9999999975378046
       620  0.9999999975378046
       621  0.9999999975378046
       622  0.9999999975378046
       623  0.9999999975378046
       624  0.9999999975378046
       625  0.9999999975378046
       626  0.9999999975378046
       627  0.9999999975378046
       628  0.9999999975378046
       629  0.9999999975378046
       630  0.9999999975378046
       631  0.9999999975378046
       632  0.9999999975378046
       633  0.9999999975378046
       634  0.9999999975378046
       635  0.9999999975378044
       636  0.9999999975378044
       637  0.9999999975378044
       638  0.9999999975378044
       639  0.9999999975378044
       640  0.9999999975378044
       641  0.9999999975378044
       642  0.9999999975378044
       643  0.9999999975378044
       644  0.9999999975378044
       645  0.9999999975378044
       646  0.9999999975378044
       647  0.9999999975378044
       648  0.9999999975378044
       649  0.9999999975378044
       650  0.9999999975378044
       651  0.9999999975378044
       652  0.9999999975378044
       653  0.9999999975378043
       654  0.9999999975378043
       655  0.9999999975378043
       656  0.9999999975378043
       657  0.9999999975378043
       658  0.9999999975378043
       659  0.9999999975378043
       660  0.9999999975378043
       661  0.9999999975378043
       662  0.9999999975378043
       663  0.9999999975378043
       664  0.9999999975378043
       665  0.9999999975378043
       666  0.9999999975378043
       667  0.9999999975378043
       668  0.9999999975378043
       669  0.9999999975378043
       670  0.9999999975378043
       671  0.9999999975378043
       672  0.9999999975378042
       673  0.9999999975378042
       674  0.9999999975378042
       675  0.9999999975378042
       676  0.9999999975378042
       677  0.9999999975378042
       678  0.9999999975378042
       679  0.9999999975378042
       680  0.9999999975378042
       681  0.9999999975378042
       682  0.9999999975378042
       683  0.9999999975378042
       684  0.9999999975378042
       685  0.9999999975378042
       686  0.9999999975378042
       687  0.9999999975378042
       688  0.9999999975378042
       689  0.9999999975378042
       690  0.9999999975378041
       691  0.9999999975378041
       692  0.9999999975378041
       693  0.9999999975378041
       694  0.9999999975378041
       695  0.9999999975378041
       696  0.9999999975378041
       697  0.9999999975378041
       698  0.9999999975378041
       699  0.9999999975378041
       700  0.9999999975378041
       701  0.9999999975378041
       702  0.9999999975378041
       703  0.9999999975378041
       704  0.9999999975378041
       705  0.9999999975378041
       706  0.9999999975378041
       707  0.9999999975378041
       708  0.9999999975378040
       709  0.9999999975378040
       710  0.9999999975378040
       711  0.9999999975378040
       712  0.9999999975378040
       713  0.9999999975378040
       714  0.9999999975378040
       715  0.9999999975378040
       716  0.9999999975378040
       717  0.9999999975378040
       718  0.9999999975378040
       719  0.9999999975378040
       720  0.9999999975378040
       721  0.9999999975378040
       722  0.9999999975378040
       723  0.9999999975378040
       724  0.9999999975378040
       725  0.9999999975378040
       726  0.9999999975378040
       727  0.9999999975378039
       728  0.9999999975378039
       729  0.9999999975378039
       730  0.9999999975378039
       731  0.9999999975378039
       732  0.9999999975378039
       733  0.9999999975378039
       734  0.9999999975378039
       735  0.9999999975378039
       736  0.9999999975378039
       737  0.9999999975378039
       738  0.9999999975378039
       739  0.9999999975378039
       740  0.9999999975378039
       741  0.9999999975378039
       742  0.9999999975378039
       743  0.9999999975378039
       744  0.9999999975378039
       745  0.9999999975378038
       746  0.9999999975378038
       747  0.9999999975378038
       748  0.9999999975378038
       749  0.9999999975378038
       750  0.9999999975378038
       751  0.9999999975378038
       752  0.9999999975378038
       753  0.9999999975378038
       754  0.9999999975378038
       755  0.9999999975378038
       756  0.9999999975378038
       757  0.9999999975378038
       758  0.9999999975378038
       759  0.9999999975378038
       760  0.9999999975378038
       761  0.9999999975378038
       762  0.9999999975378038
       763  0.9999999975378037
       764  0.9999999975378037
       765  0.9999999975378037
       766  0.9999999975378037
       767  0.9999999975378037
       768  0.9999999975378037
       769  0.9999999975378037
       770  0.9999999975378037
       771  0.9999999975378037
       772  0.9999999975378037
       773  0.9999999975378037
       774  0.9999999975378037
       775  0.9999999975378037
       776  0.9999999975378037
       777  0.9999999975378037
       778  0.9999999975378037
       779  0.9999999975378037
       780  0.9999999975378037
       781  0.9999999975378037
       782  0.9999999975378036
       783  0.9999999975378036
       784  0.9999999975378036
       785  0.9999999975378036
       786  0.9999999975378036
       787  0.9999999975378036
       788  0.9999999975378036
       789  0.9999999975378036
       790  0.9999999975378036
       791  0.9999999975378036
       792  0.9999999975378036
       793  0.9999999975378036
       794  0.9999999975378036
       795  0.9999999975378036
       796  0.9999999975378036
       797  0.9999999975378036
       798  0.9999999975378036
       799  0.9999999975378036
       800  0.9999999975378034
       801  0.9999999975378034
       802  0.9999999975378034
       803  0.9999999975378034
       804  0.9999999975378034
       805  0.9999999975378034
       806  0.9999999975378034
       807  0.9999999975378034
       808  0.9999999975378034
       809  0.9999999975378034
       810  0.9999999975378034
       811  0.9999999975378034
       812  0.9999999975378034
       813  0.9999999975378034
       814  0.9999999975378034
       815  0.9999999975378034
       816  0.9999999975378034
       817  0.9999999975378034
       818  0.9999999975378033
       819  0.9999999975378033
       820  0.9999999975378033
       821  0.9999999975378033
       822  0.9999999975378033
       823  0.9999999975378033
       824  0.9999999975378033
       825  0.9999999975378033
       826  0.9999999975378033
       827  0.9999999975378033
       828  0.9999999975378033
       829  0.9999999975378033
       830  0.9999999975378033
       831  0.9999999975378033
       832  0.9999999975378033
       833  0.9999999975378033
       834  0.9999999975378033
       835  0.9999999975378033
       836  0.9999999975378032
       837  0.9999999975378032
       838  0.9999999975378032
       839  0.9999999975378032
       840  0.9999999975378032
       841  0.9999999975378032
       842  0.9999999975378032
       843  0.9999999975378032
       844  0.9999999975378032
       845  0.9999999975378032
       846  0.9999999975378032
       847  0.9999999975378032
       848  0.9999999975378032
       849  0.9999999975378032
       850  0.9999999975378032
       851  0.9999999975378032
       852  0.9999999975378032
       853  0.9999999975378032
       854  0.9999999975378032
       855  0.9999999975378031
       856  0.9999999975378031
       857  0.9999999975378031
       858  0.9999999975378031
       859  0.9999999975378031
       860  0.9999999975378031
       861  0.9999999975378031
       862  0.9999999975378031
       863  0.9999999975378031
       864  0.9999999975378031
       865  0.9999999975378031
       866  0.9999999975378031
       867  0.9999999975378031
       868  0.9999999975378031
       869  0.9999999975378031
       870  0.9999999975378031
       871  0.9999999975378031
       872  0.9999999975378031
       873  0.9999999975378030
       874  0.9999999975378030
       875  0.9999999975378030
       876  0.9999999975378030
       877  0.9999999975378030
       878  0.9999999975378030
       879  0.9999999975378030
       880  0.9999999975378030
       890  0.9000000000000000
       900  0.8000000000000000
       910  0.7000000000000000
       920  0.6000000000000000
       930  0.5000000000000000
       940  0.4000000000000000
       950  0.3000000000000000
       960  0.2000000000000000
       970  0.1000000000000000
       980  0.0000000000000000
