         0  0.5000000000000000
         1  0.5630016084773155
         2  0.6329937369725188
         3  0.7069111020176090
         4  0.7794290861314033
         5  0.8440247622266925
         6  0.8957339232122954
         7  0.9332234719564775
         8  0.9583719174661680
         9  0.9743836743680104
        10  0.9842773561775880
        11  0.9903079233307220
        12  0.9939734582165060
        13  0.9962102771197734
        14  0.9975862556688160
        15  0.9984415726304174
        16  0.9989795712953174
        17  0.9993222671599187
        18  0.9995434135949215
        19  0.9996880113537825
        20  0.9997838090534200
        21  0.9998481102355631
        22  0.9998918304481313
        23  0.9999219364853312
        24  0.9999429271755890
        25  0.9999577415900113
        26  0.9999683219752482
        27  0.9999759664222178
        28  0.9999815521774741
        29  0.9999856785577628
        30  0.9999887593741700
        31  0.9999910833301068
        32  0.9999928538916697
        33  0.9999942158705859
        34  0.9999952733256858
        35  0.9999961017301073
        36  0.9999967563209037
        37  0.9999972778811905
        38  0.9999976967793536
        39  0.9999980358158160
        40  0.9999983122460937
        41  0.9999985392308216
        42  0.9999987268826612
        43  0.9999988830287017
        44  0.9999990137695408
        45  0.9999991238923738
        46  0.9999992171783767
        47  0.9999992966330629
        48  0.9999993646599767
        49  0.9999994231926822
        50  0.9999994737954653
        51  0.9999995177408917
        52  0.9999995560696964
        53  0.9999995896373962
        54  0.9999996191507308
        55  0.9999996451963478
        56  0.9999996682634530
        57  0.9999996887618381
        58  0.9999997070362191
        59  0.9999997233778156
        60  0.9999997380336271
        61  0.9999997512139648
        62  0.9999997630985767
        63  0.9999997738416491
        64  0.9999997835759074
        65  0.9999997924159892
        66  0.9999998004612426
        67  0.9999998077980324
        68  0.9999998145016694
        69  0.9999998206380226
        70  0.9999998262648704
        71  0.9999998314330332
        72  0.9999998361873379
        73  0.9999998405674173
        74  0.9999998446084178
        75  0.9999998483415636
        76  0.9999998517946811
        77  0.9999998549926070
        78  0.9999998579575750
        79  0.9999998607095195
        80  0.9999998632663584
        81  0.9999998656442270
        82  0.9999998678576836
        83  0.9999998699198890
        84  0.9999998718427630
        85  0.9999998736371200
        86  0.9999998753127889
        87  0.9999998768787173
        88  0.9999998783430640
        89  0.9999998797132801
        90  0.9999998809961801
        91  0.9999998821980061
        92  0.9999998833244829
        93  0.9999998843808690
        94  0.9999998853720001
        95  0.9999998863023294
        96  0.9999998871759616
        97  0.9999998879966858
        98  0.9999998887680034
        99  0.9999998894931523
       100  0.9999998901751320
       101  0.9999998908167217
       102  0.9999998914205003
       103  0.9999998919888625
       104  0.9999998925240341
       105  0.9999998930280857
       106  0.9999998935029447
       107  0.9999998939504069
       108  0.9999998943721472
       109  0.9999998947697275
       110  0.9999998951446067
       111  0.9999998954981479
       112  0.9999998958316251
       113  0.9999998961462299
       114  0.9999998964430780
       115  0.9999998967232141
       116  0.9999998969876168
       117  0.9999998972372037
       118  0.9999998974728351
       119  0.9999998976953185
       120  0.9999998979054114
       121  0.9999998981038257
       122  0.9999998982912298
       123  0.9999998984682518
       124  0.9999998986354823
       125  0.9999998987934768
       126  0.9999998989427575
       127  0.9999998990838161
       128  0.9999998992171153
       129  0.9999998993430906
       130  0.9999998994621525
       131  0.9999998995746872
       132  0.9999998996810590
       133  0.9999998997816109
       134  0.9999998998766663
       135  0.9999998999665303
       136  0.9999999000514903
       137  0.9999999001318177
       138  0.9999999002077681
       139  0.9999999002795831
       140  0.9999999003474901
       141  0.9999999004117044
       142  0.9999999004724286
       143  0.9999999005298543
       144  0.9999999005841624
       145  0.9999999006355235
       146  0.9999999006840988
       147  0.9999999007300407
       148  0.9999999007734929
       149  0.9999999008145912
       150  0.9999999008534641
       151  0.9999999008902327
       152  0.9999999009250117
       153  0.9999999009579091
       154  0.9999999009890275
       155  0.9999999010184634
       156  0.9999999010463082
       157  0.9999999010726484
       158  0.9999999010975654
       159  0.9999999011211366
       160  0.9999999011434347
       161  0.9999999011645289
       162  0.9999999011844843
       163  0.9999999012033627
       164  0.9999999012212221
       165  0.9999999012381179
       166  0.9999999012541020
       167  0.9999999012692239
       168  0.9999999012835300
       169  0.9999999012970646
       170  0.9999999013098692
       171  0.9999999013219832
       172  0.9999999013334441
       173  0.9999999013442870
       174  0.9999999013545452
       175  0.9999999013642504
       176  0.9999999013734324
       177  0.9999999013821194
       178  0.9999999013903380
       179  0.9999999013981136
       180  0.9999999014054699
       181  0.9999999014124298
       182  0.9999999014190144
       183  0.9999999014252441
       184  0.9999999014311378
       185  0.9999999014367139
       186  0.9999999014419892
       187  0.9999999014469803
       188  0.9999999014517021
       189  0.9999999014561693
       190  0.9999999014603956
       191  0.9999999014643940
       192  0.9999999014681767
       193  0.9999999014717554
       194  0.9999999014751410
       195  0.9999999014783439
       196  0.9999999014813740
       197  0.9999999014842406
       198  0.9999999014869523
       199  0.9999999014895177
       200  0.9999999014919446
       201  0.9999999014942403
       202  0.9999999014964122
       203  0.9999999014984666
       204  0.9999999015004100
       205  0.9999999015022484
       206  0.9999999015039873
       207  0.9999999015056322
       208  0.9999999015071881
       209  0.9999999015086598
       210  0.9999999015100518
       211  0.9999999015113684
       212  0.9999999015126138
       213  0.9999999015137915
       214  0.9999999015149054
       215  0.9999999015159589
       216  0.9999999015169552
       217  0.9999999015178974
       218  0.9999999015187885
       219  0.9999999015196310
       220  0.9999999015204277
       221  0.9999999015211811
       222  0.9999999015218934
       223  0.9999999015225670
       224  0.9999999015232037
       225  0.9999999015238057
       226  0.9999999015243749
       227  0.9999999015249128
       228  0.9999999015254214
       229  0.9999999015259020
       230  0.9999999015263563
       231  0.9999999015267856
       232  0.9999999015271913
       233  0.9999999015275748
       234  0.9999999015279371
       235  0.9999999015282792
       236  0.9999999015286025
       237  0.9999999015289079
       238  0.9999999015291965
       239  0.9999999015294689
       240  0.9999999015297262
       241  0.9999999015299691
       242  0.9999999015301984
       243  0.9999999015304148
       244  0.9999999015306191
       245  0.9999999015308120
       246  0.9999999015309939
       247  0.9999999015311655
       248  0.9999999015313273
       249  0.9999999015314800
       250  0.9999999015316239
       251  0.9999999015317595
       252  0.9999999015318873
       253  0.9999999015320078
       254  0.9999999015321213
       255  0.9999999015322281
       256  0.9999999015323286
       257  0.9999999015324232
       258  0.9999999015325123
       259  0.9999999015325960
       260  0.9999999015326746
       261  0.9999999015327485
       262  0.9999999015328180
       263  0.9999999015328832
       264  0.9999999015329444
       265  0.9999999015330017
       266  0.9999999015330554
       267  0.9999999015331058
       268  0.9999999015331529
       269  0.9999999015331970
       270  0.9999999015332380
       271  0.9999999015332764
       272  0.9999999015333123
       273  0.9999999015333457
       274  0.9999999015333768
       275  0.9999999015334057
       276  0.9999999015334324
       277  0.9999999015334573
       278  0.9999999015334803
       279  0.9999999015335015
       280  0.9999999015335210
       281  0.9999999015335390
       282  0.9999999015335556
       283  0.9999999015335707
       284  0.9999999015335844
       285  0.9999999015335969
       286  0.9999999015336082
       287  0.9999999015336184
       288  0.9999999015336275
       289  0.9999999015336356
       290  0.9999999015336427
       291  0.9999999015336489
       292  0.9999999015336544
       293  0.9999999015336589
       294  0.9999999015336627
       295  0.9999999015336658
       296  0.9999999015336681
       297  0.9999999015336699
       298  0.9999999015336710
       299  0.9999999015336716
       300  0.9999999015336716
       301  0.9999999015336710
       302  0.9999999015336700
       303  0.9999999015336686
       304  0.9999999015336666
       305  0.9999999015336642
       306  0.9999999015336615
       307  0.9999999015336584
       308  0.9999999015336549
       309  0.9999999015336511
       310  0.9999999015336470
       311  0.9999999015336426
       312  0.9999999015336378
       313  0.9999999015336329
       314  0.9999999015336277
       315  0.9999999015336222
       316  0.9999999015336165
       317  0.9999999015336106
       318  0.9999999015336045
       319  0.9999999015335982
       320  0.9999999015335916
       321  0.9999999015335850
       322  0.9999999015335782
       323  0.9999999015335712
       324  0.9999999015335641
       325  0.9999999015335568
       326  0.9999999015335495
       327  0.9999999015335419
       328  0.9999999015335342
       329  0.9999999015335266
       330  0.9999999015335187
       331  0.9999999015335107
       332  0.9999999015335027
       333  0.9999999015334946
       334  0.9999999015334864
       335  0.9999999015334781
       336  0.9999999015334697
       337  0.9999999015334612
       338  0.9999999015334528
       339  0.9999999015334442
       340  0.9999999015334355
       341  0.9999999015334269
       342  0.9999999015334181
       343  0.9999999015334093
       344  0.9999999015334005
       345  0.9999999015333916
       346  0.9999999015333826
       347  0.9999999015333737
       348  0.9999999015333646
       349  0.9999999015333556
       350  0.9999999015333465
       351  0.9999999015333374
       352  0.9999999015333282
       353  0.9999999015333191
       354  0.9999999015333099
       355  0.9999999015333007
       356  0.9999999015332913
       357  0.9999999015332821
       358  0.9999999015332728
       359  0.9999999015332635
       360  0.9999999015332541
       361  0.9999999015332447
       362  0.9999999015332354
       363  0.9999999015332259
       364  0.9999999015332166
       365  0.9999999015332072
       366  0.9999999015331977
       367  0.9999999015331882
       368  0.9999999015331787
       369  0.9999999015331693
       370  0.9999999015331598
       371  0.9999999015331503
       372  0.9999999015331408
       373  0.9999999015331312
       374  0.9999999015331217
       375  0.9999999015331121
       376  0.9999999015331026
       377  0.9999999015330930
       378  0.9999999015330835
       379  0.9999999015330739
       380  0.9999999015330643
       381  0.9999999015330547
       382  0.9999999015330452
       383  0.9999999015330355
       384  0.9999999015330260
       385  0.9999999015330163
       386  0.9999999015330068
       387  0.9999999015329971
       388  0.9999999015329875
       389  0.9999999015329779
       390  0.9999999015329682
       391  0.9999999015329586
       392  0.9999999015329489
       393  0.9999999015329394
       394  0.9999999015329297
       395  0.9999999015329201
       396  0.9999999015329104
       397  0.9999999015329007
       398  0.9999999015328911
       399  0.9999999015328814
       400  0.9999999015328718
       401  0.9999999015328621
       402  0.9999999015328525
       403  0.9999999015328428
       404  0.9999999015328331
       405  0.9999999015328235
       406  0.9999999015328138
       407  0.9999999015328042
       408  0.9999999015327945
       409  0.9999999015327848
       410  0.9999999015327751
       411  0.9999999015327654
       412  0.9999999015327558
       413  0.9999999015327461
       414  0.9999999015327364
       415  0.9999999015327268
       416  0.9999999015327170
       417  0.9999999015327073
       418  0.9999999015326977
       419  0.9999999015326880
       420  0.9999999015326784
       421  0.9999999015326686
       422  0.9999999015326589
       423  0.9999999015326493
       424  0.9999999015326396
       425  0.9999999015326299
       426  0.9999999015326202
       427  0.9999999015326105
       428  0.9999999015326009
       429  0.9999999015325911
       430  0.9999999015325814
       431  0.9999999015325718
       432  0.9999999015325621
       433  0.9999999015325524
       434  0.9999999015325427
       435  0.9999999015325330
       436  0.9999999015325233
       437  0.9999999015325136
       438  0.9999999015325040
       439  0.9999999015324943
       440  0.9999999015324845
       441  0.9999999015324749
       442  0.9999999015324652
       443  0.9999999015324554
       444  0.9999999015324458
       445  0.9999999015324361
       446  0.9999999015324263
       447  0.9999999015324167
       448  0.9999999015324070
       449  0.9999999015323974
       450  0.9999999015323876
       451  0.9999999015323779
       452  0.9999999015323683
       453  0.9999999015323585
       454  0.9999999015323489
       455  0.9999999015323392
       456  0.9999999015323294
       457  0.9999999015323198
       458  0.9999999015323101
       459  0.9999999015323003
       460  0.9999999015322907
       461  0.9999999015322810
       462  0.9999999015322713
       463  0.9999999015322616
       464  0.9999999015322519
       465  0.9999999015322422
       466  0.9999999015322325
       467  0.9999999015322228
       468  0.9999999015322131
       469  0.9999999015322034
       470  0.9999999015321938
       471  0.9999999015321841
       472  0.9999999015321743
       473  0.9999999015321647
       474  0.9999999015321550
       475  0.9999999015321452
       476  0.9999999015321356
       477  0.9999999015321259
       478  0.9999999015321162
       479  0.9999999015321065
       480  0.9999999015320968
       481  0.9999999015320871
       482  0.9999999015320774
       483  0.9999999015320677
       484  0.9999999015320580
       485  0.9999999015320483
       486  0.9999999015320387
       487  0.9999999015320289
       488  0.9999999015320192
       489  0.9999999015320096
       490  0.9999999015319998
       491  0.9999999015319901
       492  0.9999999015319805
       493  0.9999999015319707
       494  0.9999999015319611
       495  0.9999999015319514
       496  0.9999999015319416
       497  0.9999999015319320
       498  0.9999999015319223
       499  0.9999999015319125
       500  0.9999999015319029
       501  0.9999999015318932
       502  0.9999999015318835
       503  0.9999999015318738
       504  0.9999999015318641
       505  0.9999999015318544
       506  0.9999999015318447
       507  0.9999999015318350
       508  0.9999999015318253
       509  0.9999999015318156
       510  0.9999999015318060
       511  0.9999999015317962
       512  0.9999999015317865
       513  0.9999999015317769
       514  0.9999999015317671
       515  0.9999999015317574
       516  0.9999999015317478
       517  0.9999999015317380
       518  0.9999999015317284
       519  0.9999999015317187
       520  0.9999999015317089
       521  0.9999999015316993
       522  0.9999999015316896
       523  0.9999999015316798
       524  0.9999999015316702
       525  0.9999999015316605
       526  0.9999999015316507
       527  0.9999999015316411
       528  0.9999999015316314
       529  0.9999999015316217
       530  0.9999999015316120
       531  0.9999999015316023
       532  0.9999999015315926
       533  0.9999999015315829
       534  0.9999999015315733
       535  0.9999999015315635
       536  0.9999999015315538
       537  0.9999999015315442
       538  0.9999999015315344
       539  0.9999999015315247
       540  0.9999999015315151
       541  0.9999999015315053
       542  0.9999999015314956
       543  0.9999999015314860
       544  0.9999999015314762
       545  0.9999999015314666
       546  0.9999999015314569
       547  0.9999999015314471
       548  0.9999999015314375
       549  0.9999999015314278
       550  0.9999999015314180
       551  0.9999999015314084
       552  0.9999999015313987
       553  0.9999999015313890
       554  0.9999999015313793
       555  0.9999999015313696
       556  0.9999999015313599
       557  0.9999999015313502
       558  0.9999999015313406
       559  0.9999999015313308
       560  0.9999999015313211
       561  0.9999999015313115
       562  0.9999999015313017
       563  0.9999999015312920
       564  0.9999999015312824
       565  0.9999999015312726
       566  0.9999999015312629
       567  0.9999999015312533
       568  0.9999999015312435
       569  0.9999999015312339
       570  0.9999999015312242
       571  0.9999999015312144
       572  0.9999999015312048
       573  0.9999999015311951
       574  0.9999999015311853
       575  0.9999999015311757
       576  0.9999999015311660
       577  0.9999999015311563
       578  0.9999999015311466
       579  0.9999999015311369
       580  0.9999999015311272
       581  0.9999999015311175
       582  0.9999999015311078
       583  0.9999999015310981
       584  0.9999999015310884
       585  0.9999999015310788
       586  0.9999999015310690
       587  0.9999999015310593
       588  0.9999999015310497
       589  0.9999999015310399
       590  0.9999999015310302
       591  0.9999999015310206
       592  0.9999999015310108
       593  0.9999999015310012
       594  0.9999999015309915
       595  0.9999999015309817
       596  0.9999999015309721
       597  0.9999999015309624
       598  0.9999999015309526
       599  0.9999999015309430
       600  0.9999999015309333
       601  0.9999999015309236
       602  0.9999999015309139
       603  0.9999999015309042
       604  0.9999999015308945
       605  0.9999999015308848
       606  0.9999999015308751
       607  0.9999999015308654
       608  0.9999999015308557
       609  0.9999999015308461
       610  0.9999999015308363
       611  0.9999999015308266
       612  0.9999999015308170
       613  0.9999999015308072
       614  0.9999999015307975
       615  0.9999999015307879
       616  0.9999999015307781
       617  0.9999999015307685
       618  0.9999999015307587
       619  0.9999999015307490
       620  0.9999999015307394
       621  0.9999999015307296
       622  0.9999999015307199
       623  0.9999999015307103
       624  0.9999999015307005
       625  0.9999999015306908
       626  0.9999999015306812
       627  0.9999999015306714
       628  0.9999999015306618
       629  0.9999999015306521
       630  0.9999999015306423
       631  0.9999999015306327
       632  0.9999999015306230
       633  0.9999999015306132
       634  0.9999999015306036
       635  0.9999999015305939
       636  0.9999999015305842
       637  0.9999999015305745
       638  0.9999999015305648
       639  0.9999999015305551
       640  0.9999999015305454
       641  0.9999999015305358
       642  0.9999999015305260
       643  0.9999999015305163
       644  0.9999999015305067
       645  0.9999999015304969
       646  0.9999999015304872
       647  0.9999999015304776
       648  0.9999999015304678
       649  0.9999999015304581
       650  0.9999999015304485
       651  0.9999999015304387
       652  0.9999999015304291
       653  0.9999999015304194
       654  0.9999999015304096
       655  0.9999999015304000
       656  0.9999999015303903
       657  0.9999999015303805
       658  0.9999999015303709
       659  0.9999999015303612
       660  0.9999999015303515
       661  0.9999999015303418
       662  0.9999999015303321
       663  0.9999999015303224
       664  0.9999999015303127
       665  0.9999999015303030
       666  0.9999999015302933
       667  0.9999999015302836
       668  0.9999999015302740
       669  0.9999999015302642
       670  0.9999999015302545
       671  0.9999999015302449
       672  0.9999999015302351
       673  0.9999999015302254
       674  0.9999999015302158
       675  0.9999999015302060
       676  0.9999999015301964
       677  0.9999999015301867
       678  0.9999999015301769
       679  0.9999999015301673
       680  0.9999999015301576
       681  0.9999999015301478
       682  0.9999999015301382
       683  0.9999999015301285
       684  0.9999999015301188
       685  0.9999999015301091
       686  0.9999999015300994
       687  0.9999999015300897
       688  0.9999999015300800
       689  0.9999999015300703
       690  0.9999999015300606
       691  0.9999999015300509
       692  0.9999999015300413
       693  0.9999999015300315
       694  0.9999999015300218
       695  0.9999999015300122
       696  0.9999999015300024
       697  0.9999999015299927
       698  0.9999999015299831
       699  0.9999999015299733
       700  0.9999999015299637
       701  0.9999999015299540
       702  0.9999999015299442
       703  0.9999999015299346
       704  0.9999999015299249
       705  0.9999999015299151
       706  0.9999999015299055
       707  0.9999999015298958
       708  0.9999999015298860
       709  0.9999999015298764
       710  0.9999999015298667
       711  0.9999999015298570
       712  0.9999999015298473
       713  0.9999999015298376
       714  0.9999999015298279
       715  0.9999999015298182
       716  0.9999999015298086
       717  0.9999999015297988
       718  0.9999999015297891
       719  0.9999999015297795
       720  0.9999999015297697
       721  0.9999999015297600
       722  0.9999999015297504
       723  0.9999999015297406
       724  0.9999999015297310
       725  0.9999999015297212
       726  0.9999999015297115
       727  0.9999999015297019
       728  0.9999999015296921
       729  0.9999999015296824
       730  0.9999999015296728
       731  0.9999999015296630
       732  0.9999999015296533
       733  0.9999999015296437
       734  0.9999999015296339
       735  0.9999999015296243
       736  0.9999999015296146
       737  0.9999999015296048
       738  0.9999999015295952
       739  0.9999999015295855
       740  0.9999999015295757
       741  0.9999999015295661
       742  0.9999999015295564
       743  0.9999999015295467
       744  0.9999999015295370
       745  0.9999999015295273
       746  0.9999999015295176
       747  0.9999999015295079
       748  0.9999999015294982
       749  0.9999999015294885
       750  0.9999999015294788
       751  0.9999999015294692
       752  0.9999999015294594
       753  0.9999999015294497
       754  0.9999999015294401
       755  0.9999999015294303
       756  0.9999999015294206
       757  0.9999999015294110
       758  0.9999999015294012
       759  0.9999999015293916
       760  0.9999999015293819
       761  0.9999999015293721
       762  0.9999999015293625
       763  0.9999999015293528
       764  0.9999999015293430
       765  0.9999999015293334
       766  0.9999999015293237
       767  0.9999999015293140
       768  0.9999999015293043
       769  0.9999999015292946
       770  0.9999999015292849
       771  0.9999999015292752
       772  0.9999999015292655
       773  0.9999999015292558
       774  0.9999999015292461
       775  0.9999999015292365
       776  0.9999999015292267
       777  0.9999999015292170
       778  0.9999999015292074
       779  0.9999999015291976
       780  0.9999999015291879
       781  0.9999999015291783
       782  0.9999999015291685
       783  0.9999999015291589
       784  0.9999999015291492
       785  0.9999999015291394
       786  0.9999999015291298
       787  0.9999999015291201
       788  0.9999999015291103
       789  0.9999999015291007
       790  0.9999999015290910
       791  0.9999999015290812
       792  0.9999999015290716
       793  0.9999999015290619
       794  0.9999999015290522
       795  0.9999999015290425
       796  0.9999999015290328
       797  0.9999999015290231
       798  0.9999999015290134
       799  0.9999999015290036
       800  0.9999999015289940
       801  0.9999999015289843
       802  0.9999999015289746
       803  0.9999999015289649
       804  0.9999999015289552
       805  0.9999999015289455
       806  0.9999999015289358
       807  0.9999999015289261
       808  0.9999999015289164
       809  0.9999999015289067
       810  0.9999999015288971
       811  0.9999999015288873
       812  0.9999999015288776
       813  0.9999999015288680
       814  0.9999999015288582
       815  0.9999999015288485
       816  0.9999999015288389
       817  0.9999999015288291
       818  0.9999999015288195
       819  0.9999999015288098
       820  0.9999999015288000
       821  0.9999999015287904
       822  0.9999999015287807
       823  0.9999999015287709
       824  0.9999999015287613
       825  0.9999999015287516
       826  0.9999999015287419
       827  0.9999999015287322
       828  0.9999999015287225
       829  0.9999999015287128
       830  0.9999999015287031
       831  0.9999999015286934
       832  0.9999999015286837
       833  0.9999999015286740
       834  0.9999999015286644
       835  0.9999999015286546
       836  0.9999999015286449
       837  0.9999999015286353
       838  0.9999999015286255
       839  0.9999999015286158
       840  0.9999999015286062
       841  0.9999999015285964
       842  0.9999999015285868
       843  0.9999999015285771
       844  0.9999999015285673
       845  0.9999999015285577
       846  0.9999999015285480
       847  0.9999999015285382
       848  0.9999999015285286
       849  0.9999999015285189
       850  0.9999999015285091
       851  0.9999999015284995
       852  0.9999999015284898
       853  0.9999999015284801
       854  0.9999999015284704
       855  0.9999999015284606
       856  0.9999999015284510
       857  0.9999999015284413
       858  0.9999999015284315
       859  0.9999999015284219
       860  0.9999999015284122
       861  0.9999999015284025
       862  0.9999999015283928
       863  0.9999999015283831
       864  0.9999999015283734
       865  0.9999999015283637
       866  0.9999999015283541
       867  0.9999999015283443
       868  0.9999999015283346
       869  0.9999999015283250
       870  0.9999999015283152
       871  0.9999999015283055
       872  0.9999999015282959
       873  0.9999999015282861
       874  0.9999999015282764
       875  0.9999999015282668
       876  0.9999999015282570
       877  0.9999999015282474
       878  0.9999999015282377
       879  0.9999999015282279
       880  0.9999999015282183
       890  0.9000000000000000
       900  0.8000000000000000
       910  0.7000000000000000
       920  0.6000000000000000
       930  0.5000000000000000
       940  0.4000000000000000
       950  0.3000000000000000
       960  0.2000000000000000
       970  0.1000000000000000
       980  0.0000000000000000
