         0  0.2000000000000000
         1  0.1966215603292018
         2  0.2012202644245121
         3  0.2089964297219747
         4  0.2188335692676374
         5  0.2309764463580387
         6  0.2460937824418233
         7  0.2651624203820060
         8  0.2895735138840808
         9  0.3213172203572932
        10  0.3632121325196967
        11  0.4190534380562181
        12  0.4931930905667859
        13  0.5882610341856802
        14  0.6994836198185396
        15  0.8092821504536185
        16  0.8952256924470471
        17  0.9485702292560466
        18  0.9764290106136011
        19  0.9895715800203700
        20  0.9954616875881038
        21  0.9980394720227106
        22  0.9991557808656832
        23  0.9996369778661113
        24  0.9998439906414032
        25  0.9999329720083122
        26  0.9999712052291837
        27  0.9999876305507588
        28  0.9999946865302557
        29  0.9999977175448991
        30  0.9999990195518023
        31  0.9999995788407487
        32  0.9999998190878634
        33  0.9999999222878405
        34  0.9999999666181651
        35  0.9999999856605873
        36  0.9999999938403998
        37  0.9999999973540984
        38  0.9999999988634337
        39  0.9999999995117794
        40  0.9999999997902813
        41  0.9999999999099138
        42  0.9999999999613028
        43  0.9999999999833773
        44  0.9999999999928596
        45  0.9999999999969328
        46  0.9999999999986825
        47  0.9999999999994340
        48  0.9999999999997569
        49  0.9999999999998955
        50  0.9999999999999551
        51  0.9999999999999807
        52  0.9999999999999917
        53  0.9999999999999964
        54  0.9999999999999984
        55  0.9999999999999993
        56  0.9999999999999997
        57  0.9999999999999999
        58  1.0000000000000000
        59  1.0000000000000000
        60  1.0000000000000000
        61  1.0000000000000000
        62  1.0000000000000000
        63  1.0000000000000000
        64  1.0000000000000000
        65  1.0000000000000000
        66  1.0000000000000000
        67  1.0000000000000000
        68  1.0000000000000000
        69  1.0000000000000000
        70  1.0000000000000000
        71  1.0000000000000000
        72  1.0000000000000000
        73  1.0000000000000000
        74  1.0000000000000000
        75  1.0000000000000000
        76  1.0000000000000000
        77  1.0000000000000000
        78  1.0000000000000000
        79  1.0000000000000000
        80  1.0000000000000000
        90  1.0000000000000000
       100  1.0000000000000000
       110  1.0000000000000000
       120  1.0000000000000000
       130  1.0000000000000000
       140  1.0000000000000000
       150  1.0000000000000000
       160  1.0000000000000000
       170  1.0000000000000000
       180  1.0000000000000000
