         0  0.6000000000000000
         1  0.6267852301279355
         2  0.6544389501685955
         3  0.6809171974199195
         4  0.7035543807541217
         5  0.7178242936168364
         6  0.7201675596786656
         7  0.7109925767576363
         8  0.6930173392876122
         9  0.6688700998855979
        10  0.6403982186432826
        11  0.6088279194224059
        12  0.5750251193613322
        13  0.5396705202138513
        14  0.5033530200952154
        15  0.4666119254428900
        16  0.4299505966784832
        17  0.3938352576175387
        18  0.3586871252764900
        19  0.3248728346525597
        20  0.2926962091264597
        21  0.2623931121439786
        22  0.2341301210553146
        23  0.2080069928675916
        24  0.1840623510128047
        25  0.1622816999163781
        26  0.1426067737643970
        27  0.1249452890809884
        28  0.1091803429150709
        29  0.0951789206009406
        30  0.0827991963533871
        31  0.0718964971556382
        32  0.0623279433171023
        33  0.0539558727428868
        34  0.0466502090127113
        35  0.0402899544058619
        36  0.0347639867934979
        37  0.0299713260903862
        38  0.0258210112065232
        39  0.0222317069909987
        40  0.0191311342530246
        41  0.0164553964638747
        42  0.0141482570181359
        43  0.0121604065831888
        44  0.0104487477512624
        45  0.0089757147510918
        46  0.0077086394322286
        47  0.0066191689481570
        48  0.0056827372283778
        49  0.0048780901709438
        50  0.0041868616844429
        51  0.0035931982685827
        52  0.0030834275147190
        53  0.0026457673306335
        54  0.0022700713033319
        55  0.0019476066253115
        56  0.0016708608374710
        57  0.0014333740112862
        58  0.0012295933128598
        59  0.0010547470817015
        60  0.0009047360434988
        61  0.0007760393993016
        62  0.0006656337453731
        63  0.0005709232848714
        64  0.0004896796344811
        65  0.0004199901138971
        66  0.0003602131669019
        67  0.0003089400627175
        68  0.0002649619810606
        69  0.0002272417141595
        70  0.0001948893579087
        71  0.0001671414329379
        72  0.0001433429546789
        73  0.0001229320385812
        74  0.0001054266836971
        75  0.0000904134284200
        76  0.0000775376140772
        77  0.0000664950292945
        78  0.0000570247400584
        79  0.0000489029372275
        80  0.0000419376581937
        81  0.0000359642565269
        82  0.0000308415190052
        83  0.0000264483304499
        84  0.0000226808149013
        85  0.0000194498828752
        86  0.0000166791272034
        87  0.0000143030178091
        88  0.0000122653550123
        89  0.0000105179393694
        90  0.0000090194352232
        91  0.0000077343924346
        92  0.0000066324084310
        93  0.0000056874099115
        94  0.0000048770369181
        95  0.0000041821136559
        96  0.0000035861950118
        97  0.0000030751780918
        98  0.0000026369686979
        99  0.0000022611949803
       100  0.0000019389624981
       101  0.0000016626436657
       102  0.0000014256973309
       103  0.0000012225141792
       104  0.0000010482837761
       105  0.0000008988811719
       106  0.0000007707688525
       107  0.0000006609132596
       108  0.0000005667130786
       109  0.0000004859376007
       110  0.0000004166738803
       111  0.0000003572815241
       112  0.0000003063538626
       113  0.0000002626846493
       114  0.0000002252395087
       115  0.0000001931314504
       116  0.0000001655998725
       117  0.0000001419925541
       118  0.0000001217502142
       119  0.0000001043932690
       120  0.0000000895104821
       121  0.0000000767492076
       122  0.0000000658070676
       123  0.0000000564247732
       124  0.0000000483799885
       125  0.0000000414820640
       126  0.0000000355675244
       127  0.0000000304961918
       128  0.0000000261478674
       129  0.0000000224194855
       130  0.0000000192226708
       131  0.0000000164816444
       132  0.0000000141314290
       133  0.0000000121163092
       134  0.0000000103885135
       135  0.0000000089070776
       136  0.0000000076368777
       137  0.0000000065477972
       138  0.0000000056140127
       139  0.0000000048133818
       140  0.0000000041269203
       141  0.0000000035383495
       142  0.0000000030337108
       143  0.0000000026010362
       144  0.0000000022300650
       145  0.0000000019119986
       146  0.0000000016392920
       147  0.0000000014054783
       148  0.0000000012050100
       149  0.0000000010331330
       150  0.0000000008857692
       151  0.0000000007594233
       152  0.0000000006510977
       153  0.0000000005582224
       154  0.0000000004785942
       155  0.0000000004103235
       156  0.0000000003517908
       157  0.0000000003016069
       158  0.0000000002585814
       159  0.0000000002216931
       160  0.0000000001900667
       161  0.0000000001629517
       162  0.0000000001397046
       163  0.0000000001197738
       164  0.0000000001026861
       165  0.0000000000880360
       166  0.0000000000754759
       167  0.0000000000647076
       168  0.0000000000554755
       169  0.0000000000475605
       170  0.0000000000407747
       171  0.0000000000349570
       172  0.0000000000299692
       173  0.0000000000256931
       174  0.0000000000220271
       175  0.0000000000188841
       176  0.0000000000161896
       177  0.0000000000138795
       178  0.0000000000118990
       179  0.0000000000102011
       180  0.0000000000087454
       181  0.0000000000074975
       182  0.0000000000064276
       183  0.0000000000055104
       184  0.0000000000047240
       185  0.0000000000040499
       186  0.0000000000034720
       187  0.0000000000029765
       188  0.0000000000025517
       189  0.0000000000021876
       190  0.0000000000018754
       191  0.0000000000016077
       192  0.0000000000013783
       193  0.0000000000011816
       194  0.0000000000010129
       195  0.0000000000008684
       196  0.0000000000007444
       197  0.0000000000006382
       198  0.0000000000005471
       199  0.0000000000004690
       200  0.0000000000004021
       201  0.0000000000003447
       202  0.0000000000002955
       203  0.0000000000002533
       204  0.0000000000002172
       205  0.0000000000001862
       206  0.0000000000001596
       207  0.0000000000001368
       208  0.0000000000001173
       209  0.0000000000001005
       210  0.0000000000000862
       211  0.0000000000000739
       212  0.0000000000000633
       213  0.0000000000000543
       214  0.0000000000000465
       215  0.0000000000000399
       216  0.0000000000000342
       217  0.0000000000000293
       218  0.0000000000000251
       219  0.0000000000000215
       220  0.0000000000000185
       221  0.0000000000000158
       222  0.0000000000000136
       223  0.0000000000000116
       224  0.0000000000000100
       225  0.0000000000000086
       226  0.0000000000000073
       227  0.0000000000000063
       228  0.0000000000000054
       229  0.0000000000000046
       230  0.0000000000000040
       231  0.0000000000000034
       232  0.0000000000000029
       233  0.0000000000000025
       234  0.0000000000000021
       235  0.0000000000000018
       236  0.0000000000000016
       237  0.0000000000000013
       238  0.0000000000000012
       239  0.0000000000000010
       240  0.0000000000000008
       241  0.0000000000000007
       242  0.0000000000000006
       243  0.0000000000000005
       244  0.0000000000000005
       245  0.0000000000000004
       246  0.0000000000000003
       247  0.0000000000000003
       248  0.0000000000000002
       249  0.0000000000000002
       250  0.0000000000000002
       251  0.0000000000000002
       252  0.0000000000000001
       253  0.0000000000000001
       254  0.0000000000000001
       255  0.0000000000000001
       256  0.0000000000000001
       257  0.0000000000000001
       258  0.0000000000000001
       259  0.0000000000000000
       260  0.0000000000000000
       261  0.0000000000000000
       262  0.0000000000000000
       263  0.0000000000000000
       264  0.0000000000000000
       265  0.0000000000000000
       266  0.0000000000000000
       267  0.0000000000000000
       268  0.0000000000000000
       269  0.0000000000000000
       270  0.0000000000000000
       271  0.0000000000000000
       272  0.0000000000000000
       273  0.0000000000000000
       274  0.0000000000000000
       275  0.0000000000000000
       276  0.0000000000000000
       277  0.0000000000000000
       278  0.0000000000000000
       279  0.0000000000000000
       280  0.0000000000000000
       281  0.0000000000000000
       282  0.0000000000000000
       283  0.0000000000000000
       284  0.0000000000000000
       285  0.0000000000000000
       286  0.0000000000000000
       287  0.0000000000000000
       288  0.0000000000000000
       289  0.0000000000000000
       290  0.0000000000000000
       291  0.0000000000000000
       292  0.0000000000000000
       293  0.0000000000000000
       294  0.0000000000000000
       295  0.0000000000000000
       296  0.0000000000000000
       297  0.0000000000000000
       298  0.0000000000000000
       299  0.0000000000000000
       300  0.0000000000000000
       301  0.0000000000000000
       302  0.0000000000000000
       303  0.0000000000000000
       304  0.0000000000000000
       305  0.0000000000000000
       306  0.0000000000000000
       307  0.0000000000000000
       308  0.0000000000000000
       309  0.0000000000000000
       310  0.0000000000000000
       311  0.0000000000000000
       312  0.0000000000000000
       313  0.0000000000000000
       314  0.0000000000000000
       315  0.0000000000000000
       316  0.0000000000000000
       317  0.0000000000000000
       318  0.0000000000000000
       319  0.0000000000000000
       320  0.0000000000000000
