         0  0.5000000000000000
         1  0.5617584944095496
         2  0.6294714686450902
         3  0.7050783285890573
         4  0.7936655103606763
         5  0.8813176657193308
         6  0.9406091236404265
         7  0.9725020084243189
         8  0.9877738225047368
         9  0.9946673369886435
        10  0.9976940309610952
        11  0.9990066034143790
        12  0.9995727507560981
        13  0.9998163742433350
        14  0.9999211041621313
        15  0.9999661063817001
        16  0.9999854401323899
        17  0.9999937455882492
        18  0.9999973133504964
        19  0.9999988459260721
        20  0.9999995042583497
        21  0.9999997870503995
        22  0.9999999085259055
        23  0.9999999607066270
        24  0.9999999831212407
        25  0.9999999927496050
        26  0.9999999968855393
        27  0.9999999986621606
        28  0.9999999994253213
        29  0.9999999997531426
        30  0.9999999998939606
        31  0.9999999999544500
        32  0.9999999999804337
        33  0.9999999999915952
        34  0.9999999999963897
        35  0.9999999999984491
        36  0.9999999999993339
        37  0.9999999999997138
        38  0.9999999999998771
        39  0.9999999999999472
        40  0.9999999999999774
        41  0.9999999999999902
        42  0.9999999999999958
        43  0.9999999999999982
        44  0.9999999999999992
        45  0.9999999999999997
        46  0.9999999999999999
        47  0.9999999999999999
        48  1.0000000000000000
        49  1.0000000000000000
        50  1.0000000000000000
        51  1.0000000000000000
        52  1.0000000000000000
        53  1.0000000000000000
        54  1.0000000000000000
        55  1.0000000000000000
        56  1.0000000000000000
        57  1.0000000000000000
        58  1.0000000000000000
        59  1.0000000000000000
        60  1.0000000000000000
