         0  0.6000000000000000
         1  0.5733169559741230
         2  0.5444804368834023
         3  0.5141378592706881
         4  0.4828533753120403
         5  0.4511274550812942
         6  0.4194063841073980
         7  0.3880851177737844
         8  0.3575067774950858
         9  0.3279612343760164
        10  0.2996843283266247
        11  0.2728585167547508
        12  0.2476151857649203
        13  0.2240384904059857
        14  0.2021703867331993
        15  0.1820164416354051
        16  0.1635520095360546
        17  0.1467284258487958
        18  0.1314789474591289
        19  0.1177242641808540
        20  0.1053774994138498
        21  0.0943487125131929
        22  0.0845490173360273
        23  0.0758945607247003
        24  0.0683108043868365
        25  0.0617379189102115
        26  0.0561388475914759
        27  0.0515132554058349
        28  0.0479244540213789
        29  0.0455556166540847
        30  0.0448305111378969
        31  0.0466211142810523
        32  0.0517497604698610
        33  0.0542589285280866
        34  0.0569268484406859
        35  0.1076208808874658
        36  0.2851459220198725
        37  0.5411004098684739
        38  0.5761591984295090
        39  0.3424336737158855
        40  0.1150307326962432
        41  0.0286738182736792
        42  0.0064938490243999
        43  0.0014324703286049
        44  0.0003136463760219
        45  0.0000685157951274
        46  0.0000149552567562
        47  0.0000032633690617
        48  0.0000007120103076
        49  0.0000001553405323
        50  0.0000000338902080
        51  0.0000000073936659
        52  0.0000000016130350
        53  0.0000000003519062
        54  0.0000000000767733
        55  0.0000000000167491
        56  0.0000000000036541
        57  0.0000000000007972
        58  0.0000000000001739
        59  0.0000000000000379
        60  0.0000000000000083
        61  0.0000000000000018
        62  0.0000000000000004
        63  0.0000000000000001
        64  0.0000000000000000
        65  0.0000000000000000
        66  0.0000000000000000
        67  0.0000000000000000
        68  0.0000000000000000
        69  0.0000000000000000
        70  0.0000000000000000
        71  0.0000000000000000
        72  0.0000000000000000
        73  0.0000000000000000
        74  0.0000000000000000
        75  0.0000000000000000
        76  0.0000000000000000
        77  0.0000000000000000
        78  0.0000000000000000
        79 -0.0000000000000000
        80  0.0000000000000000
