         0  0.2000000000000000
         1  0.1913869483680578
         2  0.1857877212155218
         3  0.1826518279950277
         4  0.1815198967115361
         5  0.1820340257029747
         6  0.1839400183927831
         7  0.1870854032501617
         8  0.1914159886256605
         9  0.1969736169277331
        10  0.2038980792464351
        11  0.2124365652757563
        12  0.2229647037461864
        13  0.2360245711102930
        14  0.2523873831046466
        15  0.2731519159172474
        16  0.2998923207106086
        17  0.3348627981801373
        18  0.3812217011955573
        19  0.4430652868706628
        20  0.5245500913470169
        21  0.6264966800488250
        22  0.7398318438901460
        23  0.8433522057075743
        24  0.9177037734466724
        25  0.9607526743337211
        26  0.9822839167235062
        27  0.9922168585575538
        28  0.9966227085775673
        29  0.9985424301249759
        30  0.9993723837707263
        31  0.9997300013810019
        32  0.9998838826891874
        33  0.9999500630318496
        34  0.9999785217909209
        35  0.9999907602379365
        36  0.9999960240820208
        37  0.9999982885944290
        38  0.9999992630576050
        39  0.9999996825259864
        40  0.9999998631610808
        41  0.9999999409832818
        42  0.9999999745289527
        43  0.9999999889979690
        44  0.9999999952432811
        45  0.9999999979412114
        46  0.9999999991078169
        47  0.9999999996128219
        48  0.9999999998317067
        49  0.9999999999267148
        50  0.9999999999680212
        51  0.9999999999860132
        52  0.9999999999938666
        53  0.9999999999973025
        54  0.9999999999988097
        55  0.9999999999994730
        56  0.9999999999997656
        57  0.9999999999998953
        58  0.9999999999999530
        59  0.9999999999999788
        60  0.9999999999999903
        61  0.9999999999999956
        62  0.9999999999999980
        63  0.9999999999999991
        64  0.9999999999999996
        65  0.9999999999999998
        66  0.9999999999999999
        67  1.0000000000000000
        68  1.0000000000000000
        69  1.0000000000000000
        70  1.0000000000000000
        71  1.0000000000000000
        72  1.0000000000000000
        73  1.0000000000000000
        74  1.0000000000000000
        75  1.0000000000000000
        76  1.0000000000000000
        77  1.0000000000000000
        78  1.0000000000000000
        79  1.0000000000000000
        80  1.0000000000000000
        81  1.0000000000000000
        82  1.0000000000000000
        83  1.0000000000000000
        84  1.0000000000000000
        85  1.0000000000000000
        86  1.0000000000000000
        87  1.0000000000000000
        88  1.0000000000000000
        89  1.0000000000000000
        90  1.0000000000000000
        91  1.0000000000000000
        92  1.0000000000000000
        93  1.0000000000000000
        94  1.0000000000000000
        95  1.0000000000000000
        96  1.0000000000000000
        97  1.0000000000000000
        98  1.0000000000000000
        99  1.0000000000000000
       100  1.0000000000000000
       101  1.0000000000000000
       102  1.0000000000000000
       103  1.0000000000000000
       104  1.0000000000000000
       105  1.0000000000000000
       106  1.0000000000000000
       107  1.0000000000000000
       108  1.0000000000000000
       109  1.0000000000000000
       110  1.0000000000000000
       111  1.0000000000000000
       112  1.0000000000000000
       113  1.0000000000000000
       114  1.0000000000000000
       115  1.0000000000000000
       116  1.0000000000000000
       117  1.0000000000000000
       118  1.0000000000000000
       119  1.0000000000000000
       120  1.0000000000000000
