         0  0.6000000000000000
         1  0.6072326757813746
         2  0.6785967193296396
         3  0.7436616725941281
         4  0.7964742472887240
         5  0.8399215027894359
         6  0.8768272277924669
         7  0.9072570645829119
         8  0.8847456302537937
         9  0.7651543322807306
        10  0.5822174748671548
        11  0.3710749798504637
        12  0.2043080625529469
        13  0.1664612321711436
        14  0.2134790668022814
        15  0.2613591080676252
        16  0.2993632192281271
        17  0.3270726232077105
        18  0.3471534055885972
        19  0.3627069173951559
        20  0.3759587094362503
        21  0.3881673916303954
        22  0.3999558619600905
        23  0.4116093694255534
        24  0.4232508125013558
        25  0.4349284173468578
        26  0.4466566569434806
        27  0.4584348001587951
        28  0.4702552328972586
        29  0.4821071912467252
        30  0.4939784526307507
        31  0.5058561207293170
        32  0.5177270083680783
        33  0.5295778417307575
        34  0.5413953846801551
        35  0.5531665267495113
        36  0.5648783538773614
        37  0.5765182100993644
        38  0.5880737536006230
        39  0.5995330084112556
        40  0.6108844121118624
        41  0.6221168595335455
        42  0.6332197423014897
        43  0.6441829840387097
        44  0.6549970710759443
        45  0.6656530785425772
        46  0.6761426917889133
        47  0.6864582231232123
        48  0.6965926239150407
        49  0.7065394921588606
        50  0.7162930756631407
        51  0.7258482710292530
        52  0.7352006186722930
        53  0.7443462941180912
        54  0.7532820959012683
        55  0.7620054303233524
        56  0.7705142934204690
        57  0.7788072504562452
        58  0.7868834133018994
        59  0.7947424159092735
        60  0.8023843884188261
        61  0.8098099300520625
        62  0.8170200810309308
        63  0.8240162939622346
        64  0.8308004049938198
        65  0.8373746047274528
        66  0.8437414092823761
        67  0.8499036317862386
        68  0.8558643544167114
        69  0.8616269008264226
        70  0.8671948098022819
        71  0.8725718095358873
        72  0.8777617930451768
        73  0.8827687946712246
        74  0.8875969677371749
        75  0.8922505634092281
        76  0.8967339107876189
        77  0.9010513982381826
        78  0.9052074559820270
        79  0.9092065399105432
        80  0.9130531166337505
        81  0.9167516497206051
        82  0.9203065871026020
        83  0.9237223496033390
        84  0.9270033205565562
        85  0.9301538364547077
        86  0.9331781785895462
        87  0.9360805656348972
        88  0.9388651471104619
        89  0.9415359976739245
        90  0.9440971122091651
        91  0.9465524016342383
        92  0.9489056893936940
        93  0.9511607085453722
        94  0.9533210994870228
        95  0.9553904081843207
        96  0.9573720848693938
        97  0.9592694831858836
        98  0.9610858597722863
        99  0.9628243742404875
       100  0.9644880892957144
       101  0.9660799714080953
       102  0.9676028916354912
       103  0.9690596265963145
       104  0.9704528596957011
       105  0.9717851826555277
       106  0.9730590970555092
       107  0.9742770160330384
       108  0.9754412660792469
       109  0.9765540890042821
       110  0.9776176439391344
       111  0.9786340093886304
       112  0.9796051852992314
       113  0.9805330952073280
       114  0.9814195884194304
       115  0.9822664421829884
       116  0.9830753638608706
       117  0.9838479930950224
       118  0.9845859039491389
       119  0.9852906070678144
       120  0.9859635517885149
       121  0.9866061282686133
       122  0.9872196694583194
       123  0.9878054531744732
       124  0.9883647040623765
       125  0.9888985955328355
       126  0.9894082516529003
       127  0.9898947489847716
       128  0.9903591183919679
       129  0.9908023467744267
       130  0.9912253787923967
       131  0.9916291184751230
       132  0.9920144308646238
       133  0.9923821435422651
       134  0.9927330481352613
       135  0.9930679017688400
       136  0.9933874284808777
       137  0.9936923205223386
       138  0.9939832397890714
       139  0.9942608189153864
       140  0.9945256626598186
       141  0.9947783489437872
       142  0.9950194300575631
       143  0.9952494337452560
       144  0.9954688641725380
       145  0.9956782030248982
       146  0.9958779104768952
       147  0.9960684260133800
       148  0.9962501694020707
       149  0.9964235415852388
       150  0.9965889254183391
       151  0.9967466864681382
       152  0.9968971738384529
       153  0.9970407208517977
       154  0.9971776456962704
       155  0.9973082521693668
       156  0.9974328303090505
       157  0.9975516569378083
       158  0.9976649963003519
       159  0.9977731006450649
       160  0.9978762107057383
       161  0.9979745562493488
       162  0.9980683565569622
       163  0.9981578208977915
       164  0.9982431489789109
       165  0.9983245313742800
       166  0.9984021499371958
       167  0.9984761781938692
       168  0.9985467817197959
       169  0.9986141184995632
       170  0.9986783392707808
       171  0.9987395878534097
       172  0.9987980014613481
       173  0.9988537110064496
       174  0.9989068413831886
       175  0.9989575117430265
       176  0.9990058357589457
       177  0.9990519218587093
       178  0.9990958735009116
       179  0.9991377893609643
       180  0.9991777635715254
       181  0.9992158859386145
       182  0.9992522421117835
       183  0.9992869137980873
       184  0.9993199789438649
       185  0.9993515118820775
       186  0.9993815835244941
       187  0.9994102615085931
       188  0.9994376103493946
       189  0.9994636915827945
       190  0.9994885639004998
       191  0.9995122832804343
       192  0.9995349031141840
       193  0.9995564743261317
       194  0.9995770454932853
       195  0.9995966629301223
       196  0.9996153708216238
       197  0.9996332113065224
       198  0.9996502245744563
       199  0.9996664489550683
       200  0.9996819210074662
       201  0.9996966755933291
       202  0.9997107459629406
       203  0.9997241638276024
       204  0.9997369594305738
       205  0.9997491616146962
       206  0.9997607978875674
       207  0.9997718944823177
       208  0.9997824764173030
       209  0.9997925675529513
       210  0.9998021906434917
       211  0.9998113673888629
       212  0.9998201184848722
       213  0.9998284636668447
       214  0.9998364217576130
       215  0.9998440107050903
       216  0.9998512476288439
       217  0.9998581488520782
       218  0.9998647299427389
       219  0.9998710057480972
       220  0.9998769904262850
       221  0.9998826974773513
       222  0.9998881397783846
       223  0.9998933296084511
       224  0.9998982786773591
       225  0.9999029981520278
       226  0.9999074986816366
       227  0.9999117904216113
       228  0.9999158830565005
       229  0.9999197858217937
       230  0.9999235075247299
       231  0.9999270565641432
       232  0.9999304409493892
       233  0.9999336683183971
       234  0.9999367459548838
       235  0.9999396808047726
       236  0.9999424794918510
       237  0.9999451483327036
       238  0.9999476933509537
       239  0.9999501202904220
       240  0.9999524346296847
       241  0.9999546415922770
       242  0.9999567461595089
       243  0.9999587530817983
       244  0.9999606668890886
       245  0.9999624919013883
       246  0.9999642322381898
       247  0.9999658918279316
       248  0.9999674744168112
       249  0.9999689835772354
       250  0.9999704227159429
       251  0.9999717950815639
       252  0.9999731037721483
       253  0.9999743517417443
       254  0.9999755418077865
       255  0.9999766766565739
       256  0.9999777588501446
       257  0.9999787908313897
       258  0.9999797749301211
       259  0.9999807133678726
       260  0.9999816082631355
       261  0.9999824616361518
       262  0.9999832754134577
       263  0.9999840514322269
       264  0.9999847914444112
       265  0.9999854971206354
       266  0.9999861700539737
       267  0.9999868117636748
       268  0.9999874236983273
       269  0.9999880072395297
       270  0.9999885637046927
       271  0.9999890943501035
       272  0.9999896003737627
       273  0.9999900829180871
       274  0.9999905430724891
       275  0.9999909818758359
       276  0.9999914003187937
       277  0.9999917993460649
       278  0.9999921798585774
       279  0.9999925427151974
       280  0.9999928887353289
       281  0.9999932187001869
       282  0.9999935333546700
       283  0.9999938334091770
       284  0.9999941195411391
       285  0.9999943923965475
       286  0.9999946525914364
       287  0.9999949007132470
       288  0.9999951373221663
       289  0.9999953629524019
       290  0.9999955781133235
       291  0.9999957832907531
       292  0.9999959789478905
       293  0.9999961655264833
       294  0.9999963434477924
       295  0.9999965131134811
       296  0.9999966749066458
       297  0.9999968291925619
       298  0.9999969763195578
       299  0.9999971166198034
       300  0.9999972504100606
       301  0.9999973779923969
       302  0.9999974996548668
       303  0.9999976156721592
       304  0.9999977263062150
       305  0.9999978318067786
       306  0.9999979324120749
       307  0.9999980283492488
       308  0.9999981198349015
       309  0.9999982070755811
       310  0.9999982902682527
       311  0.9999983696007433
       312  0.9999984452521656
       313  0.9999985173933222
       314  0.9999985861870913
       315  0.9999986517887935
       316  0.9999987143465533
       317  0.9999987740016165
       318  0.9999988308886520
       319  0.9999988851360631
       320  0.9999989368663599
       321  0.9999989861963708
       322  0.9999990332374427
       323  0.9999990780957839
       324  0.9999991208726766
       325  0.9999991616646933
       326  0.9999992005639433
       327  0.9999992376582452
       328  0.9999992730313474
       329  0.9999993067631205
       330  0.9999993389297230
       331  0.9999993696037791
       332  0.9999993988545371
       333  0.9999994267480433
       334  0.9999994533472749
       335  0.9999994787122870
       336  0.9999995029003479
       337  0.9999995259660688
       338  0.9999995479615269
       339  0.9999995689363831
       340  0.9999995889379937
       341  0.9999996080115270
       342  0.9999996262000310
       343  0.9999996435445710
       344  0.9999996600843125
       345  0.9999996758566078
       346  0.9999996908970634
       347  0.9999997052396292
       348  0.9999997189166860
       349  0.9999997319591180
       350  0.9999997443963793
       351  0.9999997562565476
       352  0.9999997675663939
       353  0.9999997783514524
       354  0.9999997886360769
       355  0.9999997984435038
       356  0.9999998077958486
       357  0.9999998167142280
       358  0.9999998252188088
       359  0.9999998333287620
       360  0.9999998410624024
       361  0.9999998484372045
       362  0.9999998554698113
       363  0.9999998621761008
       364  0.9999998685712145
       365  0.9999998746695911
       366  0.9999998804849989
       367  0.9999998860305684
       368  0.9999998913188205
       369  0.9999998963616944
       370  0.9999999011705759
       371  0.9999999057563221
       372  0.9999999101292869
       373  0.9999999142993450
       374  0.9999999182759078
       375  0.9999999220679551
       376  0.9999999256840494
       377  0.9999999291323559
       378  0.9999999324206593
       379  0.9999999355563828
       380  0.9999999385466062
       381  0.9999999413980808
       382  0.9999999441172456
       383  0.9999999467102403
       384  0.9999999491829188
       385  0.9999999515408650
       386  0.9999999537893959
       387  0.9999999559335985
       388  0.9999999579783074
       389  0.9999999599281375
       390  0.9999999617874987
       391  0.9999999635605825
       392  0.9999999652513921
       393  0.9999999668637509
       394  0.9999999684012931
       395  0.9999999698674912
       396  0.9999999712656601
       397  0.9999999725989508
       398  0.9999999738703753
       399  0.9999999750828060
       400  0.9999999762389792
       401  0.9999999773415054
       402  0.9999999783928735
       403  0.9999999793954576
       404  0.9999999803515212
       405  0.9999999812632228
       406  0.9999999821326208
       407  0.9999999829616784
       408  0.9999999837522671
       409  0.9999999845061721
       410  0.9999999852250954
       411  0.9999999859106601
       412  0.9999999865644141
       413  0.9999999871878336
       414  0.9999999877823260
       415  0.9999999883492336
       416  0.9999999888898367
       417  0.9999999894053554
       418  0.9999999898969532
       419  0.9999999903657407
       420  0.9999999908127767
       421  0.9999999912390694
       422  0.9999999916455817
       423  0.9999999920332322
       424  0.9999999924028953
       425  0.9999999927554053
       426  0.9999999930915592
       427  0.9999999934121153
       428  0.9999999937177970
       429  0.9999999940092951
       430  0.9999999942872683
       431  0.9999999945523418
       432  0.9999999948051173
       433  0.9999999950461623
       434  0.9999999952760241
       435  0.9999999954952190
       436  0.9999999957042441
       437  0.9999999959035695
       438  0.9999999960936463
       439  0.9999999962749038
       440  0.9999999964477503
       441  0.9999999966125769
       442  0.9999999967697554
       443  0.9999999969196407
       444  0.9999999970625713
       445  0.9999999971988698
       446  0.9999999973288440
       447  0.9999999974527874
       448  0.9999999975709796
       449  0.9999999976836876
       450  0.9999999977911660
       451  0.9999999978936573
       452  0.9999999979913928
       453  0.9999999980845935
       454  0.9999999981734695
       455  0.9999999982582217
       456  0.9999999983390413
       457  0.9999999984161108
       458  0.9999999984896043
       459  0.9999999985596875
       460  0.9999999986265190
       461  0.9999999986902494
       462  0.9999999987510225
       463  0.9999999988089759
       464  0.9999999988642401
       465  0.9999999989169401
       466  0.9999999989671948
       467  0.9999999990151176
       468  0.9999999990608168
       469  0.9999999991043954
       470  0.9999999991459521
       471  0.9999999991855804
       472  0.9999999992233699
       473  0.9999999992594062
       474  0.9999999992937701
       475  0.9999999993265397
       476  0.9999999993577886
       477  0.9999999993875877
       478  0.9999999994160039
       479  0.9999999994431017
       480  0.9999999994689421
       481  0.9999999994935835
       482  0.9999999995170815
       483  0.9999999995394893
       484  0.9999999995608573
       485  0.9999999995812338
       486  0.9999999996006648
       487  0.9999999996191942
       488  0.9999999996368638
       489  0.9999999996537136
       490  0.9999999996697815
       491  0.9999999996851038
       492  0.9999999996997152
       493  0.9999999997136486
       494  0.9999999997269354
       495  0.9999999997396058
       496  0.9999999997516883
       497  0.9999999997632101
       498  0.9999999997741973
       499  0.9999999997846747
       500  0.9999999997946659
       501  0.9999999998041935
       502  0.9999999998132791
       503  0.9999999998219430
       504  0.9999999998302050
       505  0.9999999998380836
       506  0.9999999998455966
       507  0.9999999998527610
       508  0.9999999998595930
       509  0.9999999998661080
       510  0.9999999998723207
       511  0.9999999998782451
       512  0.9999999998838945
       513  0.9999999998892819
       514  0.9999999998944193
       515  0.9999999998993183
       516  0.9999999999039900
       517  0.9999999999084449
       518  0.9999999999126932
       519  0.9999999999167443
       520  0.9999999999206074
       521  0.9999999999242912
       522  0.9999999999278042
       523  0.9999999999311541
       524  0.9999999999343486
       525  0.9999999999373949
       526  0.9999999999402998
       527  0.9999999999430699
       528  0.9999999999457115
       529  0.9999999999482305
       530  0.9999999999506326
       531  0.9999999999529233
       532  0.9999999999551077
       533  0.9999999999571907
       534  0.9999999999591771
       535  0.9999999999610714
       536  0.9999999999628776
       537  0.9999999999646001
       538  0.9999999999662427
       539  0.9999999999678091
       540  0.9999999999693028
       541  0.9999999999707271
       542  0.9999999999720854
       543  0.9999999999733806
       544  0.9999999999746159
       545  0.9999999999757937
       546  0.9999999999769168
       547  0.9999999999779879
       548  0.9999999999790093
       549  0.9999999999799832
       550  0.9999999999809120
       551  0.9999999999817978
       552  0.9999999999826423
       553  0.9999999999834478
       554  0.9999999999842157
       555  0.9999999999849482
       556  0.9999999999856466
       557  0.9999999999863126
       558  0.9999999999869477
       559  0.9999999999875534
       560  0.9999999999881308
       561  0.9999999999886816
       562  0.9999999999892067
       563  0.9999999999897076
       564  0.9999999999901852
       565  0.9999999999906406
       566  0.9999999999910749
       567  0.9999999999914890
       568  0.9999999999918839
       569  0.9999999999922605
       570  0.9999999999926197
       571  0.9999999999929621
       572  0.9999999999932886
       573  0.9999999999936000
       574  0.9999999999938970
       575  0.9999999999941802
       576  0.9999999999944502
       577  0.9999999999947078
       578  0.9999999999949534
       579  0.9999999999951875
       580  0.9999999999954108
       581  0.9999999999956237
       582  0.9999999999958268
       583  0.9999999999960204
       584  0.9999999999962050
       585  0.9999999999963812
       586  0.9999999999965491
       587  0.9999999999967092
       588  0.9999999999968620
       589  0.9999999999970075
       590  0.9999999999971464
       591  0.9999999999972787
       592  0.9999999999974051
       593  0.9999999999975254
       594  0.9999999999976403
       595  0.9999999999977498
       596  0.9999999999978542
       597  0.9999999999979537
       598  0.9999999999980487
       599  0.9999999999981393
       600  0.9999999999982255
       601  0.9999999999983079
       602  0.9999999999983864
       603  0.9999999999984613
       604  0.9999999999985327
       605  0.9999999999986008
       606  0.9999999999986657
       607  0.9999999999987276
       608  0.9999999999987866
       609  0.9999999999988429
       610  0.9999999999988967
       611  0.9999999999989478
       612  0.9999999999989967
       613  0.9999999999990432
       614  0.9999999999990876
       615  0.9999999999991299
       616  0.9999999999991703
       617  0.9999999999992089
       618  0.9999999999992455
       619  0.9999999999992806
       620  0.9999999999993139
       621  0.9999999999993457
       622  0.9999999999993761
       623  0.9999999999994050
       624  0.9999999999994327
       625  0.9999999999994590
       626  0.9999999999994841
       627  0.9999999999995081
       628  0.9999999999995308
       629  0.9999999999995526
       630  0.9999999999995733
       631  0.9999999999995932
       632  0.9999999999996121
       633  0.9999999999996301
       634  0.9999999999996472
       635  0.9999999999996636
       636  0.9999999999996793
       637  0.9999999999996941
       638  0.9999999999997082
       639  0.9999999999997218
       640  0.9999999999997348
       641  0.9999999999997470
       642  0.9999999999997587
       643  0.9999999999997700
       644  0.9999999999997806
       645  0.9999999999997908
       646  0.9999999999998005
       647  0.9999999999998098
       648  0.9999999999998186
       649  0.9999999999998270
       650  0.9999999999998350
       651  0.9999999999998427
       652  0.9999999999998500
       653  0.9999999999998570
       654  0.9999999999998636
       655  0.9999999999998699
       656  0.9999999999998760
       657  0.9999999999998818
       658  0.9999999999998872
       659  0.9999999999998924
       660  0.9999999999998974
       661  0.9999999999999022
       662  0.9999999999999067
       663  0.9999999999999111
       664  0.9999999999999152
       665  0.9999999999999191
       666  0.9999999999999228
       667  0.9999999999999265
       668  0.9999999999999298
       669  0.9999999999999332
       670  0.9999999999999363
       671  0.9999999999999392
       672  0.9999999999999420
       673  0.9999999999999447
       674  0.9999999999999473
       675  0.9999999999999497
       676  0.9999999999999520
       677  0.9999999999999543
       678  0.9999999999999564
       679  0.9999999999999584
       680  0.9999999999999604
       681  0.9999999999999621
       682  0.9999999999999639
       683  0.9999999999999656
       684  0.9999999999999672
       685  0.9999999999999687
       686  0.9999999999999701
       687  0.9999999999999716
       688  0.9999999999999729
       689  0.9999999999999741
       690  0.9999999999999754
       691  0.9999999999999765
       692  0.9999999999999776
       693  0.9999999999999786
       694  0.9999999999999796
       695  0.9999999999999806
       696  0.9999999999999815
       697  0.9999999999999823
       698  0.9999999999999831
       699  0.9999999999999839
       700  0.9999999999999847
       701  0.9999999999999853
       702  0.9999999999999860
       703  0.9999999999999867
       704  0.9999999999999873
       705  0.9999999999999879
       706  0.9999999999999885
       707  0.9999999999999890
       708  0.9999999999999896
       709  0.9999999999999900
       710  0.9999999999999905
       711  0.9999999999999909
       712  0.9999999999999913
       713  0.9999999999999918
       714  0.9999999999999921
       715  0.9999999999999925
       716  0.9999999999999928
       717  0.9999999999999931
       718  0.9999999999999934
       719  0.9999999999999938
       720  0.9999999999999941
       721  0.9999999999999943
       722  0.9999999999999946
       723  0.9999999999999949
       724  0.9999999999999951
       725  0.9999999999999953
       726  0.9999999999999956
       727  0.9999999999999958
       728  0.9999999999999959
       729  0.9999999999999961
       730  0.9999999999999963
       731  0.9999999999999964
       732  0.9999999999999967
       733  0.9999999999999968
       734  0.9999999999999970
       735  0.9999999999999971
       736  0.9999999999999972
       737  0.9999999999999973
       738  0.9999999999999974
       739  0.9999999999999976
       740  0.9999999999999977
       741  0.9999999999999978
       742  0.9999999999999979
       743  0.9999999999999980
       744  0.9999999999999981
       745  0.9999999999999982
       746  0.9999999999999982
       747  0.9999999999999983
       748  0.9999999999999984
       749  0.9999999999999986
       750  0.9999999999999986
       751  0.9999999999999987
       752  0.9999999999999987
       753  0.9999999999999988
       754  0.9999999999999988
       755  0.9999999999999989
       756  0.9999999999999989
       757  0.9999999999999990
       758  0.9999999999999990
       759  0.9999999999999991
       760  0.9999999999999991
       761  0.9999999999999991
       762  0.9999999999999992
       763  0.9999999999999992
       764  0.9999999999999992
       765  0.9999999999999993
       766  0.9999999999999993
       767  0.9999999999999993
       768  0.9999999999999994
       769  0.9999999999999994
       770  0.9999999999999994
       771  0.9999999999999994
       772  0.9999999999999994
       773  0.9999999999999996
       774  0.9999999999999996
       775  0.9999999999999996
       776  0.9999999999999996
       777  0.9999999999999996
       778  0.9999999999999997
       779  0.9999999999999997
       780  0.9999999999999997
       781  0.9999999999999997
       782  0.9999999999999997
       783  0.9999999999999997
       784  0.9999999999999997
       785  0.9999999999999998
       786  0.9999999999999998
       787  0.9999999999999998
       788  0.9999999999999998
       789  0.9999999999999998
       790  0.9999999999999998
       791  0.9999999999999998
       792  0.9999999999999998
       793  0.9999999999999998
       794  0.9999999999999998
       795  0.9999999999999998
       796  0.9999999999999999
       797  0.9999999999999999
       798  0.9999999999999999
       799  0.9999999999999999
       800  0.9999999999999999
       801  0.9999999999999999
       802  0.9999999999999999
       803  0.9999999999999999
       804  0.9999999999999999
       805  0.9999999999999999
       806  0.9999999999999999
       807  0.9999999999999999
       808  0.9999999999999999
       809  0.9999999999999999
       810  0.9999999999999999
       811  0.9999999999999999
       812  0.9999999999999999
       813  0.9999999999999999
       814  0.9999999999999999
       815  0.9999999999999999
       816  0.9999999999999999
       817  0.9999999999999999
       818  0.9999999999999999
       819  1.0000000000000000
       820  1.0000000000000000
       821  1.0000000000000000
       822  1.0000000000000000
       823  1.0000000000000000
       824  1.0000000000000000
       825  1.0000000000000000
       826  1.0000000000000000
       827  1.0000000000000000
       828  1.0000000000000000
       829  1.0000000000000000
       830  1.0000000000000000
       831  1.0000000000000000
       832  1.0000000000000000
       833  1.0000000000000000
       834  1.0000000000000000
       835  1.0000000000000000
       836  1.0000000000000000
       837  1.0000000000000000
       838  1.0000000000000000
       839  1.0000000000000000
       840  1.0000000000000000
       841  1.0000000000000000
       842  1.0000000000000000
       843  1.0000000000000000
       844  1.0000000000000000
       845  1.0000000000000000
       846  1.0000000000000000
       847  1.0000000000000000
       848  1.0000000000000000
       849  1.0000000000000000
       850  1.0000000000000000
       851  1.0000000000000000
       852  1.0000000000000000
       853  1.0000000000000000
       854  1.0000000000000000
       855  1.0000000000000000
       856  1.0000000000000000
       857  1.0000000000000000
       858  1.0000000000000000
       859  1.0000000000000000
       860  1.0000000000000000
       861  1.0000000000000000
       862  1.0000000000000000
       863  1.0000000000000000
       864  1.0000000000000000
       865  1.0000000000000000
       866  1.0000000000000000
       867  1.0000000000000000
       868  1.0000000000000000
       869  1.0000000000000000
       870  1.0000000000000000
       871  1.0000000000000000
       872  1.0000000000000000
       873  1.0000000000000000
       874  1.0000000000000000
       875  1.0000000000000000
       876  1.0000000000000000
       877  1.0000000000000000
       878  1.0000000000000000
       879  1.0000000000000000
       880  1.0000000000000000
       881  1.0000000000000000
       882  1.0000000000000000
       883  1.0000000000000000
       884  1.0000000000000000
       885  1.0000000000000000
       886  1.0000000000000000
       887  1.0000000000000000
       888  1.0000000000000000
       889  1.0000000000000000
       890  1.0000000000000000
       891  1.0000000000000000
       892  1.0000000000000000
       893  1.0000000000000000
       894  1.0000000000000000
       895  1.0000000000000000
       896  1.0000000000000000
       897  1.0000000000000000
       898  1.0000000000000000
       899  1.0000000000000000
       900  1.0000000000000000
       901  1.0000000000000000
       902  1.0000000000000000
       903  1.0000000000000000
       904  1.0000000000000000
       905  1.0000000000000000
       906  1.0000000000000000
       907  1.0000000000000000
       908  1.0000000000000000
       909  1.0000000000000000
       910  1.0000000000000000
       911  1.0000000000000000
       912  1.0000000000000000
       913  1.0000000000000000
       914  1.0000000000000000
       915  1.0000000000000000
       916  1.0000000000000000
       917  1.0000000000000000
       918  1.0000000000000000
       919  1.0000000000000000
       920  1.0000000000000000
       921  1.0000000000000000
       922  1.0000000000000000
       923  1.0000000000000000
       924  1.0000000000000000
       925  1.0000000000000000
       926  1.0000000000000000
       927  1.0000000000000000
       928  1.0000000000000000
       929  1.0000000000000000
       930  1.0000000000000000
       931  1.0000000000000000
       932  1.0000000000000000
       933  1.0000000000000000
       934  1.0000000000000000
       935  1.0000000000000000
       936  1.0000000000000000
       937  1.0000000000000000
       938  1.0000000000000000
       939  1.0000000000000000
       940  1.0000000000000000
       941  1.0000000000000000
       942  1.0000000000000000
       943  1.0000000000000000
       944  1.0000000000000000
       945  1.0000000000000000
       946  1.0000000000000000
       947  1.0000000000000000
       948  1.0000000000000000
       949  1.0000000000000000
       950  1.0000000000000000
       951  1.0000000000000000
       952  1.0000000000000000
       953  1.0000000000000000
       954  1.0000000000000000
       955  1.0000000000000000
       956  1.0000000000000000
       957  1.0000000000000000
       958  1.0000000000000000
       959  1.0000000000000000
       960  1.0000000000000000
       961  1.0000000000000000
       962  1.0000000000000000
       963  1.0000000000000000
       964  1.0000000000000000
       965  1.0000000000000000
       966  1.0000000000000000
       967  1.0000000000000000
       968  1.0000000000000000
       969  1.0000000000000000
       970  1.0000000000000000
       971  1.0000000000000000
       972  1.0000000000000000
       973  1.0000000000000000
       974  1.0000000000000000
       975  1.0000000000000000
       976  1.0000000000000000
       977  1.0000000000000000
       978  1.0000000000000000
       979  1.0000000000000000
       980  1.0000000000000000
       981  1.0000000000000000
       982  1.0000000000000000
       983  1.0000000000000000
       984  1.0000000000000000
       985  1.0000000000000000
       986  1.0000000000000000
       987  1.0000000000000000
       988  1.0000000000000000
       989  1.0000000000000000
       990  1.0000000000000000
       991  1.0000000000000000
       992  1.0000000000000000
       993  1.0000000000000000
       994  1.0000000000000000
       995  1.0000000000000000
       996  1.0000000000000000
       997  1.0000000000000000
       998  1.0000000000000000
       999  1.0000000000000000
      1000  1.0000000000000000
      1001  1.0000000000000000
      1002  1.0000000000000000
      1003  1.0000000000000000
      1004  1.0000000000000000
      1005  1.0000000000000000
      1006  1.0000000000000000
      1007  1.0000000000000000
      1008  1.0000000000000000
      1009  1.0000000000000000
      1010  1.0000000000000000
      1011  1.0000000000000000
      1012  1.0000000000000000
      1013  1.0000000000000000
      1014  1.0000000000000000
      1015  1.0000000000000000
      1016  1.0000000000000000
      1017  1.0000000000000000
      1018  1.0000000000000000
      1019  1.0000000000000000
      1020  1.0000000000000000
      1021  1.0000000000000000
      1022  1.0000000000000000
      1023  1.0000000000000000
      1024  1.0000000000000000
      1025  1.0000000000000000
      1026  1.0000000000000000
      1027  1.0000000000000000
      1028  1.0000000000000000
      1029  1.0000000000000000
      1030  1.0000000000000000
      1031  1.0000000000000000
      1032  1.0000000000000000
      1033  1.0000000000000000
      1034  1.0000000000000000
      1035  1.0000000000000000
      1036  1.0000000000000000
      1037  1.0000000000000000
      1038  1.0000000000000000
      1039  1.0000000000000000
      1040  1.0000000000000000
      1041  1.0000000000000000
      1042  1.0000000000000000
      1043  1.0000000000000000
      1044  1.0000000000000000
      1045  1.0000000000000000
      1046  1.0000000000000000
      1047  1.0000000000000000
      1048  1.0000000000000000
      1049  1.0000000000000000
      1050  1.0000000000000000
      1051  1.0000000000000000
      1052  1.0000000000000000
      1053  1.0000000000000000
      1054  1.0000000000000000
      1055  1.0000000000000000
      1056  1.0000000000000000
      1057  1.0000000000000000
      1058  1.0000000000000000
      1059  1.0000000000000000
      1060  1.0000000000000000
      1061  1.0000000000000000
      1062  1.0000000000000000
      1063  1.0000000000000000
      1064  1.0000000000000000
      1065  1.0000000000000000
      1066  1.0000000000000000
      1067  1.0000000000000000
      1068  1.0000000000000000
      1069  1.0000000000000000
      1070  1.0000000000000000
      1071  1.0000000000000000
      1072  1.0000000000000000
      1073  1.0000000000000000
      1074  1.0000000000000000
      1075  1.0000000000000000
      1076  1.0000000000000000
      1077  1.0000000000000000
      1078  1.0000000000000000
      1079  1.0000000000000000
      1080  1.0000000000000000
