         0  0.6000000000000000
         1  0.5871137671878887
         2  0.6007185148046598
         3  0.6337141556502994
         4  0.6656012690868760
         5  0.6930425243760446
         6  0.7160525076701751
         7  0.7351820846736878
         8  0.7511691876806204
         9  0.7647836989538636
        10  0.7766971137516968
        11  0.7874173087508425
        12  0.7972905003952788
        13  0.8065373463927744
        14  0.8152934035533396
        15  0.8236409089831129
        16  0.8316301427787791
        17  0.8392926953459535
        18  0.8466493772061643
        19  0.8537148396236468
        20  0.8605002481490260
        21  0.8670148223577443
        22  0.8732667190881391
        23  0.8792635354780539
        24  0.8850125911729217
        25  0.8905210818361644
        26  0.8957961575010818
        27  0.9008449571107784
        28  0.9056746177389617
        29  0.9102922694898927
        30  0.9147050226611396
        31  0.9189199511277979
        32  0.9229440743305167
        33  0.9267843392896877
        34  0.9304476034847394
        35  0.9339406190663848
        36  0.9372700186549175
        37  0.9404423028167554
        38  0.9434638292423608
        39  0.9463408035761114
        40  0.9490792718253944
        41  0.9516851142520056
        42  0.9541640406288623
        43  0.9565215867642792
        44  0.9587631121687303
        45  0.9608937987580698
        46  0.9629186504831461
        47  0.9648424937816718
        48  0.9666699787700154
        49  0.9684055810587984
        50  0.9700536041366994
        51  0.9716181822142557
        52  0.9731032835031184
        53  0.9745127138032016
        54  0.9758501203806688
        55  0.9771189960976190
        56  0.9783226837117291
        57  0.9794643802747836
        58  0.9805471416919906
        59  0.9815738872852816
        60  0.9825474044854065
        61  0.9834703533653505
        62  0.9843452713494379
        63  0.9851745777657167
        64  0.9859605783720060
        65  0.9867054698203663
        66  0.9874113440399498
        67  0.9880801925272722
        68  0.9887139105422847
        69  0.9893143012146309
        70  0.9898830794582193
        71  0.9904218758650222
        72  0.9909322404466039
        73  0.9914156462478905
        74  0.9918734928587655
        75  0.9923071096453905
        76  0.9927177592565019
        77  0.9931066404812149
        78  0.9934748914304957
        79  0.9938235923538095
        80  0.9941537683788584
        81  0.9944663922681891
        82  0.9947623868436860
        83  0.9950426274920753
        84  0.9953079444695606
        85  0.9955591251380318
        86  0.9957969160866030
        87  0.9960220251650207
        88  0.9962351234110554
        89  0.9964368469236878
        90  0.9966277985979304
        91  0.9968085498253196
        92  0.9969796420813738
        93  0.9971415884494947
        94  0.9972948750945760
        95  0.9974399626222227
        96  0.9975772873786051
        97  0.9977072627284084
        98  0.9978302802500492
        99  0.9979467107955673
       100  0.9980569056813834
       101  0.9981611975608199
       102  0.9982599015445260
       103  0.9983533159944098
       104  0.9984417234542935
       105  0.9985253915053922
       106  0.9986045734584201
       107  0.9986795092131475
       108  0.9987504258823128
       109  0.9988175384869482
       110  0.9988810506331641
       111  0.9989411550376029
       112  0.9989980341635670
       113  0.9990518607619614
       114  0.9991027983392110
       115  0.9991510016778880
       116  0.9991966173094380
       117  0.9992397839425750
       118  0.9992806328545089
       119  0.9993192883091787
       120  0.9993558679369353
       121  0.9993904830755219
       122  0.9994232390979852
       123  0.9994542357417240
       124  0.9994835674052842
       125  0.9995113234329013
       126  0.9995375883836501
       127  0.9995624422873011
       128  0.9995859608857045
       129  0.9996082158618208
       130  0.9996292750573267
       131  0.9996492026743780
       132  0.9996680594754107
       133  0.9996859029653640
       134  0.9997027875619792
       135  0.9997187647650798
       136  0.9997338833145781
       137  0.9997481893281055
       138  0.9997617264582234
       139  0.9997745360073995
       140  0.9997866570626052
       141  0.9997981266178461
       142  0.9998089796729832
       143  0.9998192493555550
       144  0.9998289670123645
       145  0.9998381623051912
       146  0.9998468633040346
       147  0.9998550965718540
       148  0.9998628872453283
       149  0.9998702591112992
       150  0.9998772346784647
       151  0.9998838352453917
       152  0.9998900809667184
       153  0.9998959909146511
       154  0.9999015831370092
       155  0.9999068747121646
       156  0.9999118818010055
       157  0.9999166196954610
       158  0.9999211028653076
       159  0.9999253450024104
       160  0.9999293590646265
       161  0.9999331573129153
       162  0.9999367513484771
       163  0.9999401521494758
       164  0.9999433701039906
       165  0.9999464150418254
       166  0.9999492962649401
       167  0.9999520225733232
       168  0.9999546022969038
       169  0.9999570433159232
       170  0.9999593530875275
       171  0.9999615386679807
       172  0.9999636067342653
       173  0.9999655636045049
       174  0.9999674152569418
       175  0.9999691673487477
       176  0.9999708252326832
       177  0.9999723939741310
       178  0.9999738783656318
       179  0.9999752829427632
       180  0.9999766119964437
       181  0.9999778695875868
       182  0.9999790595586114
       183  0.9999801855449433
       184  0.9999812509873119
       185  0.9999822591407507
       186  0.9999832130856028
       187  0.9999841157368021
       188  0.9999849698521457
       189  0.9999857780412820
       190  0.9999865427736315
       191  0.9999872663859113
       192  0.9999879510892080
       193  0.9999885989755509
       194  0.9999892120244913
       195  0.9999897921092115
       196  0.9999903410024684
       197  0.9999908603810986
       198  0.9999913518321751
       199  0.9999918168571391
       200  0.9999922568773887
       201  0.9999926732372876
       202  0.9999930672090125
       203  0.9999934399963879
       204  0.9999937927385087
       205  0.9999941265132196
       206  0.9999944423404131
       207  0.9999947411851430
       208  0.9999950239605668
       209  0.9999952915307445
       210  0.9999955447132769
       211  0.9999957842818039
       212  0.9999960109683730
       213  0.9999962254656642
       214  0.9999964284290614
       215  0.9999966204788324
       216  0.9999968022017479
       217  0.9999969741531379
       218  0.9999971368584214
       219  0.9999972908147521
       220  0.9999974364926074
       221  0.9999975743371181
       222  0.9999977047694937
       223  0.9999978281882949
       224  0.9999979449706519
       225  0.9999980554734160
       226  0.9999981600342506
       227  0.9999982589726624
       228  0.9999983525909779
       229  0.9999984411752674
       230  0.9999985249962187
       231  0.9999986043099645
       232  0.9999986793588814
       233  0.9999987503722665
       234  0.9999988175671289
       235  0.9999988811487978
       236  0.9999989413115610
       237  0.9999989982392600
       238  0.9999990521058505
       239  0.9999991030759313
       240  0.9999991513052626
       241  0.9999991969412134
       242  0.9999992401232328
       243  0.9999992809832728
       244  0.9999993196461928
       245  0.9999993562301335
       246  0.9999993908468858
       247  0.9999994236022284
       248  0.9999994545962558
       249  0.9999994839236722
       250  0.9999995116741071
       251  0.9999995379323389
       252  0.9999995627786151
       253  0.9999995862888593
       254  0.9999996085349124
       255  0.9999996295847525
       256  0.9999996495027020
       257  0.9999996683496251
       258  0.9999996861831126
       259  0.9999997030576592
       260  0.9999997190248288
       261  0.9999997341334127
       262  0.9999997484295788
       263  0.9999997619570125
       264  0.9999997747570540
       265  0.9999997868688134
       266  0.9999997983292962
       267  0.9999998091735219
       268  0.9999998194346308
       269  0.9999998291439832
       270  0.9999998383312499
       271  0.9999998470244991
       272  0.9999998552502920
       273  0.9999998630337651
       274  0.9999998703987050
       275  0.9999998773676210
       276  0.9999998839618076
       277  0.9999998902014147
       278  0.9999998961054946
       279  0.9999999016921043
       280  0.9999999069783120
       281  0.9999999119802709
       282  0.9999999167132647
       283  0.9999999211917561
       284  0.9999999254294302
       285  0.9999999294392367
       286  0.9999999332334278
       287  0.9999999368235976
       288  0.9999999402207165
       289  0.9999999434351661
       290  0.9999999464767687
       291  0.9999999493548183
       292  0.9999999520781104
       293  0.9999999546549646
       294  0.9999999570932562
       295  0.9999999594004358
       296  0.9999999615835539
       297  0.9999999636492815
       298  0.9999999656039310
       299  0.9999999674534754
       300  0.9999999692035663
       301  0.9999999708595514
       302  0.9999999724264909
       303  0.9999999739091742
       304  0.9999999753121277
       305  0.9999999766396430
       306  0.9999999778957769
       307  0.9999999790843641
       308  0.9999999802090377
       309  0.9999999812732375
       310  0.9999999822802131
       311  0.9999999832330401
       312  0.9999999841346321
       313  0.9999999849877451
       314  0.9999999857949836
       315  0.9999999865588144
       316  0.9999999872815738
       317  0.9999999879654692
       318  0.9999999886125889
       319  0.9999999892249122
       320  0.9999999898043098
       321  0.9999999903525522
       322  0.9999999908713144
       323  0.9999999913621818
       324  0.9999999918266543
       325  0.9999999922661512
       326  0.9999999926820154
       327  0.9999999930755179
       328  0.9999999934478609
       329  0.9999999938001823
       330  0.9999999941335588
       331  0.9999999944490089
       332  0.9999999947474966
       333  0.9999999950299341
       334  0.9999999952971843
       335  0.9999999955500642
       336  0.9999999957893460
       337  0.9999999960157608
       338  0.9999999962300015
       339  0.9999999964327219
       340  0.9999999966245412
       341  0.9999999968060462
       342  0.9999999969777916
       343  0.9999999971403016
       344  0.9999999972940731
       345  0.9999999974395761
       346  0.9999999975772553
       347  0.9999999977075310
       348  0.9999999978308015
       349  0.9999999979474440
       350  0.9999999980578137
       351  0.9999999981622490
       352  0.9999999982610686
       353  0.9999999983545741
       354  0.9999999984430522
       355  0.9999999985267720
       356  0.9999999986059906
       357  0.9999999986809490
       358  0.9999999987518771
       359  0.9999999988189912
       360  0.9999999988824961
       361  0.9999999989425866
       362  0.9999999989994458
       363  0.9999999990532475
       364  0.9999999991041563
       365  0.9999999991523275
       366  0.9999999991979086
       367  0.9999999992410387
       368  0.9999999992818495
       369  0.9999999993204658
       370  0.9999999993570058
       371  0.9999999993915808
       372  0.9999999994242967
       373  0.9999999994552534
       374  0.9999999994845455
       375  0.9999999995122625
       376  0.9999999995384892
       377  0.9999999995633054
       378  0.9999999995867874
       379  0.9999999996090067
       380  0.9999999996300312
       381  0.9999999996499251
       382  0.9999999996687493
       383  0.9999999996865613
       384  0.9999999997034156
       385  0.9999999997193635
       386  0.9999999997344539
       387  0.9999999997487328
       388  0.9999999997622440
       389  0.9999999997750285
       390  0.9999999997871256
       391  0.9999999997985723
       392  0.9999999998094035
       393  0.9999999998196523
       394  0.9999999998293500
       395  0.9999999998385262
       396  0.9999999998472089
       397  0.9999999998554248
       398  0.9999999998631989
       399  0.9999999998705549
       400  0.9999999998775154
       401  0.9999999998841017
       402  0.9999999998903337
       403  0.9999999998962307
       404  0.9999999999018105
       405  0.9999999999070904
       406  0.9999999999120863
       407  0.9999999999168137
       408  0.9999999999212867
       409  0.9999999999255194
       410  0.9999999999295243
       411  0.9999999999333139
       412  0.9999999999368997
       413  0.9999999999402928
       414  0.9999999999435033
       415  0.9999999999465413
       416  0.9999999999494159
       417  0.9999999999521358
       418  0.9999999999547097
       419  0.9999999999571449
       420  0.9999999999594493
       421  0.9999999999616299
       422  0.9999999999636930
       423  0.9999999999656454
       424  0.9999999999674927
       425  0.9999999999692407
       426  0.9999999999708947
       427  0.9999999999724597
       428  0.9999999999739406
       429  0.9999999999753419
       430  0.9999999999766678
       431  0.9999999999779224
       432  0.9999999999791096
       433  0.9999999999802329
       434  0.9999999999812959
       435  0.9999999999823016
       436  0.9999999999832533
       437  0.9999999999841538
       438  0.9999999999850059
       439  0.9999999999858121
       440  0.9999999999865750
       441  0.9999999999872969
       442  0.9999999999879799
       443  0.9999999999886263
       444  0.9999999999892379
       445  0.9999999999898166
       446  0.9999999999903642
       447  0.9999999999908823
       448  0.9999999999913726
       449  0.9999999999918365
       450  0.9999999999922755
       451  0.9999999999926908
       452  0.9999999999930839
       453  0.9999999999934558
       454  0.9999999999938076
       455  0.9999999999941406
       456  0.9999999999944557
       457  0.9999999999947539
       458  0.9999999999950360
       459  0.9999999999953029
       460  0.9999999999955554
       461  0.9999999999957945
       462  0.9999999999960205
       463  0.9999999999962346
       464  0.9999999999964371
       465  0.9999999999966286
       466  0.9999999999968099
       467  0.9999999999969814
       468  0.9999999999971437
       469  0.9999999999972974
       470  0.9999999999974427
       471  0.9999999999975802
       472  0.9999999999977103
       473  0.9999999999978334
       474  0.9999999999979500
       475  0.9999999999980601
       476  0.9999999999981645
       477  0.9999999999982632
       478  0.9999999999983565
       479  0.9999999999984449
       480  0.9999999999985285
       481  0.9999999999986077
       482  0.9999999999986825
       483  0.9999999999987533
       484  0.9999999999988204
       485  0.9999999999988839
       486  0.9999999999989438
       487  0.9999999999990007
       488  0.9999999999990544
       489  0.9999999999991053
       490  0.9999999999991533
       491  0.9999999999991989
       492  0.9999999999992419
       493  0.9999999999992827
       494  0.9999999999993213
       495  0.9999999999993577
       496  0.9999999999993923
       497  0.9999999999994250
       498  0.9999999999994559
       499  0.9999999999994852
       500  0.9999999999995128
       501  0.9999999999995390
       502  0.9999999999995638
       503  0.9999999999995873
       504  0.9999999999996094
       505  0.9999999999996305
       506  0.9999999999996504
       507  0.9999999999996692
       508  0.9999999999996869
       509  0.9999999999997038
       510  0.9999999999997197
       511  0.9999999999997348
       512  0.9999999999997491
       513  0.9999999999997625
       514  0.9999999999997753
       515  0.9999999999997874
       516  0.9999999999997988
       517  0.9999999999998096
       518  0.9999999999998199
       519  0.9999999999998296
       520  0.9999999999998387
       521  0.9999999999998473
       522  0.9999999999998556
       523  0.9999999999998633
       524  0.9999999999998707
       525  0.9999999999998777
       526  0.9999999999998842
       527  0.9999999999998904
       528  0.9999999999998963
       529  0.9999999999999020
       530  0.9999999999999072
       531  0.9999999999999122
       532  0.9999999999999170
       533  0.9999999999999214
       534  0.9999999999999256
       535  0.9999999999999296
       536  0.9999999999999334
       537  0.9999999999999369
       538  0.9999999999999404
       539  0.9999999999999436
       540  0.9999999999999466
       541  0.9999999999999495
       542  0.9999999999999521
       543  0.9999999999999548
       544  0.9999999999999571
       545  0.9999999999999595
       546  0.9999999999999617
       547  0.9999999999999637
       548  0.9999999999999657
       549  0.9999999999999676
       550  0.9999999999999692
       551  0.9999999999999709
       552  0.9999999999999725
       553  0.9999999999999740
       554  0.9999999999999754
       555  0.9999999999999767
       556  0.9999999999999779
       557  0.9999999999999791
       558  0.9999999999999802
       559  0.9999999999999813
       560  0.9999999999999823
       561  0.9999999999999832
       562  0.9999999999999841
       563  0.9999999999999850
       564  0.9999999999999858
       565  0.9999999999999866
       566  0.9999999999999873
       567  0.9999999999999880
       568  0.9999999999999887
       569  0.9999999999999892
       570  0.9999999999999898
       571  0.9999999999999903
       572  0.9999999999999909
       573  0.9999999999999913
       574  0.9999999999999919
       575  0.9999999999999923
       576  0.9999999999999927
       577  0.9999999999999931
       578  0.9999999999999934
       579  0.9999999999999938
       580  0.9999999999999941
       581  0.9999999999999944
       582  0.9999999999999948
       583  0.9999999999999950
       584  0.9999999999999953
       585  0.9999999999999956
       586  0.9999999999999958
       587  0.9999999999999960
       588  0.9999999999999962
       589  0.9999999999999964
       590  0.9999999999999967
       591  0.9999999999999968
       592  0.9999999999999970
       593  0.9999999999999971
       594  0.9999999999999973
       595  0.9999999999999974
       596  0.9999999999999976
       597  0.9999999999999977
       598  0.9999999999999979
       599  0.9999999999999980
       600  0.9999999999999981
       601  0.9999999999999981
       602  0.9999999999999982
       603  0.9999999999999983
       604  0.9999999999999984
       605  0.9999999999999986
       606  0.9999999999999986
       607  0.9999999999999987
       608  0.9999999999999988
       609  0.9999999999999988
       610  0.9999999999999989
       611  0.9999999999999989
       612  0.9999999999999990
       613  0.9999999999999990
       614  0.9999999999999991
       615  0.9999999999999991
       616  0.9999999999999992
       617  0.9999999999999992
       618  0.9999999999999993
       619  0.9999999999999993
       620  0.9999999999999993
       621  0.9999999999999994
       622  0.9999999999999994
       623  0.9999999999999994
       624  0.9999999999999994
       625  0.9999999999999996
       626  0.9999999999999996
       627  0.9999999999999996
       628  0.9999999999999996
       629  0.9999999999999996
       630  0.9999999999999997
       631  0.9999999999999997
       632  0.9999999999999997
       633  0.9999999999999997
       634  0.9999999999999997
       635  0.9999999999999997
       636  0.9999999999999998
       637  0.9999999999999998
       638  0.9999999999999998
       639  0.9999999999999998
       640  0.9999999999999998
       641  0.9999999999999998
       642  0.9999999999999998
       643  0.9999999999999998
       644  0.9999999999999998
       645  0.9999999999999999
       646  0.9999999999999999
       647  0.9999999999999999
       648  0.9999999999999999
       649  0.9999999999999999
       650  0.9999999999999999
       651  0.9999999999999999
       652  0.9999999999999999
       653  0.9999999999999999
       654  0.9999999999999999
       655  0.9999999999999999
       656  0.9999999999999999
       657  0.9999999999999999
       658  0.9999999999999999
       659  0.9999999999999999
       660  0.9999999999999999
       661  0.9999999999999999
       662  0.9999999999999999
       663  0.9999999999999999
       664  0.9999999999999999
       665  1.0000000000000000
       666  1.0000000000000000
       667  1.0000000000000000
       668  1.0000000000000000
       669  1.0000000000000000
       670  1.0000000000000000
       671  1.0000000000000000
       672  1.0000000000000000
       673  1.0000000000000000
       674  1.0000000000000000
       675  1.0000000000000000
       676  1.0000000000000000
       677  1.0000000000000000
       678  1.0000000000000000
       679  1.0000000000000000
       680  1.0000000000000000
       681  1.0000000000000000
       682  1.0000000000000000
       683  1.0000000000000000
       684  1.0000000000000000
       685  1.0000000000000000
       686  1.0000000000000000
       687  1.0000000000000000
       688  1.0000000000000000
       689  1.0000000000000000
       690  1.0000000000000000
       691  1.0000000000000000
       692  1.0000000000000000
       693  1.0000000000000000
       694  1.0000000000000000
       695  1.0000000000000000
       696  1.0000000000000000
       697  1.0000000000000000
       698  1.0000000000000000
       699  1.0000000000000000
       700  1.0000000000000000
       701  1.0000000000000000
       702  1.0000000000000000
       703  1.0000000000000000
       704  1.0000000000000000
       705  1.0000000000000000
       706  1.0000000000000000
       707  1.0000000000000000
       708  1.0000000000000000
       709  1.0000000000000000
       710  1.0000000000000000
       711  1.0000000000000000
       712  1.0000000000000000
       713  1.0000000000000000
       714  1.0000000000000000
       715  1.0000000000000000
       716  1.0000000000000000
       717  1.0000000000000000
       718  1.0000000000000000
       719  1.0000000000000000
       720  1.0000000000000000
       721  1.0000000000000000
       722  1.0000000000000000
       723  1.0000000000000000
       724  1.0000000000000000
       725  1.0000000000000000
       726  1.0000000000000000
       727  1.0000000000000000
       728  1.0000000000000000
       729  1.0000000000000000
       730  1.0000000000000000
       731  1.0000000000000000
       732  1.0000000000000000
       733  1.0000000000000000
       734  1.0000000000000000
       735  1.0000000000000000
       736  1.0000000000000000
       737  1.0000000000000000
       738  1.0000000000000000
       739  1.0000000000000000
       740  1.0000000000000000
       741  1.0000000000000000
       742  1.0000000000000000
       743  1.0000000000000000
       744  1.0000000000000000
       745  1.0000000000000000
       746  1.0000000000000000
       747  1.0000000000000000
       748  1.0000000000000000
       749  1.0000000000000000
       750  1.0000000000000000
       751  1.0000000000000000
       752  1.0000000000000000
       753  1.0000000000000000
       754  1.0000000000000000
       755  1.0000000000000000
       756  1.0000000000000000
       757  1.0000000000000000
       758  1.0000000000000000
       759  1.0000000000000000
       760  1.0000000000000000
       761  1.0000000000000000
       762  1.0000000000000000
       763  1.0000000000000000
       764  1.0000000000000000
       765  1.0000000000000000
       766  1.0000000000000000
       767  1.0000000000000000
       768  1.0000000000000000
       769  1.0000000000000000
       770  1.0000000000000000
       771  1.0000000000000000
       772  1.0000000000000000
       773  1.0000000000000000
       774  1.0000000000000000
       775  1.0000000000000000
       776  1.0000000000000000
       777  1.0000000000000000
       778  1.0000000000000000
       779  1.0000000000000000
       780  1.0000000000000000
       781  1.0000000000000000
       782  1.0000000000000000
       783  1.0000000000000000
       784  1.0000000000000000
       785  1.0000000000000000
       786  1.0000000000000000
       787  1.0000000000000000
       788  1.0000000000000000
       789  1.0000000000000000
       790  1.0000000000000000
       791  1.0000000000000000
       792  1.0000000000000000
       793  1.0000000000000000
       794  1.0000000000000000
       795  1.0000000000000000
       796  1.0000000000000000
       797  1.0000000000000000
       798  1.0000000000000000
       799  1.0000000000000000
       800  1.0000000000000000
       801  1.0000000000000000
       802  1.0000000000000000
       803  1.0000000000000000
       804  1.0000000000000000
       805  1.0000000000000000
       806  1.0000000000000000
       807  1.0000000000000000
       808  1.0000000000000000
       809  1.0000000000000000
       810  1.0000000000000000
       811  1.0000000000000000
       812  1.0000000000000000
       813  1.0000000000000000
       814  1.0000000000000000
       815  1.0000000000000000
       816  1.0000000000000000
       817  1.0000000000000000
       818  1.0000000000000000
       819  1.0000000000000000
       820  1.0000000000000000
       821  1.0000000000000000
       822  1.0000000000000000
       823  1.0000000000000000
       824  1.0000000000000000
       825  1.0000000000000000
       826  1.0000000000000000
       827  1.0000000000000000
       828  1.0000000000000000
       829  1.0000000000000000
       830  1.0000000000000000
       831  1.0000000000000000
       832  1.0000000000000000
       833  1.0000000000000000
       834  1.0000000000000000
       835  1.0000000000000000
       836  1.0000000000000000
       837  1.0000000000000000
       838  1.0000000000000000
       839  1.0000000000000000
       840  1.0000000000000000
       841  1.0000000000000000
       842  1.0000000000000000
       843  1.0000000000000000
       844  1.0000000000000000
       845  1.0000000000000000
       846  1.0000000000000000
       847  1.0000000000000000
       848  1.0000000000000000
       849  1.0000000000000000
       850  1.0000000000000000
       851  1.0000000000000000
       852  1.0000000000000000
       853  1.0000000000000000
       854  1.0000000000000000
       855  1.0000000000000000
       856  1.0000000000000000
       857  1.0000000000000000
       858  1.0000000000000000
       859  1.0000000000000000
       860  1.0000000000000000
       861  1.0000000000000000
       862  1.0000000000000000
       863  1.0000000000000000
       864  1.0000000000000000
       865  1.0000000000000000
       866  1.0000000000000000
       867  1.0000000000000000
       868  1.0000000000000000
       869  1.0000000000000000
       870  1.0000000000000000
       871  1.0000000000000000
       872  1.0000000000000000
       873  1.0000000000000000
       874  1.0000000000000000
       875  1.0000000000000000
       876  1.0000000000000000
       877  1.0000000000000000
       878  1.0000000000000000
       879  1.0000000000000000
       880  1.0000000000000000
       890  1.0000000000000000
       900  1.0000000000000000
       910  1.0000000000000000
       920  1.0000000000000000
       930  1.0000000000000000
       940  1.0000000000000000
       950  1.0000000000000000
       960  1.0000000000000000
       970  1.0000000000000000
       980  1.0000000000000000
